NAME: Beijing-5
VERTICES: 2820
DEPOT: 0
REQUIRED EDGES: 1792
NON-REQUIRED EDGES: 1792
VEHICLES: 30
CAPACITY: 25000
TOTAL COST OF REQUIRED EDGES: 727122
NODES	COST	DEMAND
0	1	437	0
1	2	194	194
3	4	197	197
5	6	209	209
7	8	296	0
9	10	695	0
11	12	257	0
13	14	57	57
15	16	89	89
16	17	546	0
18	19	250	0
20	21	2140	2140
22	23	344	344
24	25	569	569
26	27	87	87
28	29	791	0
29	30	264	0
31	32	674	0
32	33	441	0
34	0	118	118
35	36	60	0
37	38	181	0
39	40	198	198
41	42	481	0
43	44	294	294
44	45	471	471
46	29	427	427
29	47	659	659
48	49	214	214
50	51	287	287
51	52	158	158
53	54	684	684
55	53	69	69
30	29	264	0
29	28	790	790
56	57	185	0
58	59	277	0
60	61	125	125
61	62	932	932
63	64	981	0
65	66	224	0
67	68	957	957
69	70	364	0
70	51	433	433
71	72	62	62
72	73	2006	0
74	75	164	0
76	77	344	344
78	79	94	94
80	81	167	0
82	83	89	0
84	85	269	0
86	84	192	192
87	88	334	0
88	86	521	0
86	89	170	0
89	85	296	0
90	91	66	66
91	92	202	0
93	94	62	62
94	95	476	476
96	97	491	491
98	99	302	302
100	101	84	0
102	103	213	213
104	105	170	0
106	107	388	388
107	108	4119	0
109	110	53	0
111	80	56	0
112	100	94	94
113	90	290	0
114	115	224	0
115	116	257	257
116	117	130	130
117	118	269	0
118	119	686	0
120	121	266	0
122	123	954	0
123	124	317	317
125	126	236	236
127	128	134	0
129	130	237	0
131	132	212	0
133	134	1115	1115
134	135	359	359
136	137	462	462
138	139	180	0
139	140	58	58
132	141	593	0
139	142	347	347
143	144	167	167
145	146	183	0
147	148	120	0
149	150	790	0
150	151	603	603
144	152	59	0
153	154	479	0
148	155	271	0
156	157	216	216
8	158	1111	0
159	160	197	0
160	161	498	498
162	163	1112	1112
164	165	78	78
166	167	950	950
168	166	417	0
169	143	184	0
170	145	167	0
171	172	652	0
172	138	572	572
173	174	796	796
175	176	859	0
176	177	152	0
177	178	344	344
178	179	218	0
179	180	896	896
180	181	143	0
182	183	339	339
184	171	298	298
185	186	496	0
187	188	265	0
188	189	594	0
190	191	309	309
192	193	247	0
194	195	197	0
196	197	52	52
197	198	182	0
198	199	56	56
199	200	520	520
201	202	298	0
203	173	781	0
204	205	865	865
206	207	519	0
208	209	317	0
210	211	1054	0
212	213	423	423
214	215	96	96
215	198	509	509
198	216	78	78
216	217	681	0
218	219	804	0
219	220	338	338
68	221	299	0
221	222	550	550
223	224	340	340
225	226	525	0
226	227	51	51
15	17	624	624
228	229	248	0
230	228	424	424
195	231	72	0
232	233	156	156
233	234	136	0
235	236	172	172
236	237	880	0
238	239	518	518
240	241	534	534
242	243	243	243
244	245	88	0
246	247	447	447
247	248	743	0
249	250	269	269
251	252	56	56
253	254	291	0
255	246	180	0
252	256	316	0
256	257	379	379
257	258	215	215
259	260	331	331
261	262	402	0
263	264	520	520
265	266	189	0
264	267	1045	0
248	247	742	0
247	268	446	446
269	270	204	0
270	271	185	185
272	273	304	304
274	275	277	0
276	277	464	464
278	279	461	461
280	281	528	0
282	283	533	0
283	284	528	0
285	286	50	50
287	288	486	486
68	289	174	0
289	290	327	327
290	291	181	0
291	292	347	347
241	293	139	0
293	294	166	0
295	285	52	0
249	296	199	0
297	298	400	0
249	299	215	215
300	301	307	0
302	303	57	0
304	208	542	0
305	196	802	802
306	307	183	183
308	309	180	180
310	311	169	169
312	313	288	288
314	315	765	765
315	316	53	53
317	318	326	326
284	319	693	0
320	206	781	781
321	322	280	280
323	324	796	0
324	325	358	358
326	327	305	305
328	329	694	694
329	330	108	0
331	298	52	52
298	332	602	0
332	333	498	0
334	335	374	374
329	336	55	0
337	338	101	101
339	329	56	0
340	341	448	448
323	341	251	251
342	121	266	0
343	103	79	0
130	344	211	211
344	345	221	221
346	129	363	363
126	131	363	363
347	348	590	0
349	125	211	211
342	350	65	65
351	317	1061	0
317	352	737	0
353	354	359	359
355	356	273	273
356	317	720	720
357	358	592	0
359	107	384	384
107	360	4704	4704
361	362	170	170
363	357	170	0
189	364	97	0
365	366	414	0
366	367	257	0
367	368	93	0
369	370	292	292
370	371	187	0
371	372	223	0
373	374	801	0
374	365	698	698
375	376	767	0
251	377	163	0
378	379	855	855
380	381	1082	1082
381	382	354	0
382	383	359	359
384	307	514	0
307	385	509	509
386	387	321	321
388	389	374	374
206	390	342	342
390	391	416	416
392	393	135	135
393	394	816	0
394	395	104	104
395	396	328	328
396	397	459	459
398	399	178	178
399	400	78	78
400	401	306	306
402	335	176	0
335	403	316	0
404	405	72	72
406	407	70	70
364	408	710	0
77	409	603	603
408	410	288	0
411	412	336	336
412	413	415	0
413	414	1489	0
414	415	394	0
416	417	379	379
418	208	169	169
419	420	763	0
421	244	111	0
422	423	321	321
423	424	67	0
424	423	67	67
425	426	892	0
427	428	288	288
429	430	505	0
431	432	568	568
265	433	775	0
433	155	70	0
434	435	92	0
436	437	391	391
437	438	342	342
438	439	89	89
440	441	143	143
442	443	155	155
443	444	332	332
245	445	72	72
446	447	218	0
447	448	118	0
448	449	153	153
449	450	149	0
451	405	273	273
452	453	75	75
453	454	430	430
454	455	1061	0
455	456	986	986
457	458	139	139
459	460	113	113
461	462	181	181
463	464	207	0
465	466	639	639
466	467	620	620
468	469	70	0
470	471	289	289
472	473	426	426
474	470	289	289
475	474	55	0
417	476	165	0
477	478	2806	2806
462	479	414	414
480	481	835	835
482	483	350	350
483	484	348	348
484	485	261	261
486	487	301	0
487	488	212	212
489	462	240	240
490	491	248	0
492	482	448	0
493	494	449	449
495	496	370	0
497	498	57	57
498	499	63	63
499	500	725	0
500	501	365	365
202	502	653	653
503	504	285	285
505	506	126	126
506	507	225	225
508	509	88	88
509	510	663	0
511	512	102	0
513	514	894	0
514	194	166	166
515	516	50	0
517	518	611	0
519	520	1013	0
521	522	311	0
523	156	81	81
524	525	117	117
525	526	234	234
526	527	165	0
528	529	576	576
529	530	185	185
530	290	427	0
528	531	429	0
531	532	62	62
533	534	506	0
535	536	439	0
537	475	397	397
538	539	642	642
539	540	524	0
540	293	838	838
541	175	284	284
542	543	688	0
544	545	365	365
545	546	412	0
546	547	324	0
161	548	212	0
548	549	669	669
550	551	53	53
552	553	486	486
553	554	864	0
554	555	60	0
556	230	316	316
557	558	112	0
558	559	416	0
560	561	435	435
562	563	86	0
564	565	1141	1141
566	211	668	0
567	568	451	451
568	569	398	0
570	571	386	0
571	572	120	120
572	573	131	0
574	575	109	109
563	576	329	329
577	578	775	775
578	579	291	0
580	581	415	0
582	583	403	403
583	584	604	0
585	586	501	501
587	588	91	0
589	590	1083	1083
236	591	82	82
592	593	243	0
593	594	175	175
409	595	824	824
596	597	87	87
598	593	274	0
593	599	217	0
409	600	598	0
601	602	74	74
603	465	84	0
604	598	349	349
605	592	433	433
212	606	522	522
607	608	278	278
609	610	348	0
611	612	397	0
612	545	471	0
545	613	486	0
614	615	295	295
609	616	93	0
617	618	95	0
619	620	77	77
621	622	148	0
622	623	155	155
623	624	244	244
624	625	84	0
626	627	172	172
628	629	172	172
620	619	66	0
630	631	795	0
141	632	433	0
633	634	126	126
635	636	422	422
637	638	409	409
638	639	388	0
445	451	571	0
640	641	504	504
641	642	343	343
643	644	100	0
645	646	1440	1440
646	647	355	0
647	648	766	0
648	649	160	0
644	643	107	0
643	650	542	0
650	651	900	900
445	652	241	241
652	653	190	190
653	512	67	0
654	160	411	0
644	655	634	634
656	657	160	0
658	659	513	0
660	661	513	513
661	662	136	0
662	663	251	251
664	665	522	522
286	358	560	560
358	666	1099	1099
667	668	584	0
669	670	745	0
671	312	190	0
312	672	159	0
673	674	514	0
675	676	890	890
158	28	676	0
28	11	428	0
650	677	506	0
678	679	594	0
679	680	1635	0
680	508	253	253
508	681	535	535
682	683	287	0
353	684	204	204
684	685	539	0
629	686	394	0
586	687	1114	0
627	688	279	279
689	519	307	0
690	691	261	261
88	692	662	0
692	41	1466	1466
693	694	277	277
695	696	320	0
696	350	1284	1284
350	697	655	0
342	698	4828	4828
698	425	469	469
699	700	589	0
701	702	917	917
702	703	52	52
704	705	349	349
705	706	442	442
707	704	956	0
708	709	132	132
710	711	461	461
712	298	181	0
298	713	454	454
297	712	216	216
645	707	1092	1092
714	715	128	0
708	716	133	0
203	717	428	428
291	718	58	58
718	719	250	250
720	721	521	0
722	723	445	445
723	724	334	0
725	726	532	0
158	727	558	558
724	723	345	345
723	728	269	269
727	158	559	559
729	730	359	359
731	732	527	0
733	734	1168	1168
735	736	64	64
737	738	778	778
738	739	330	330
724	740	116	0
740	741	273	273
742	743	406	406
744	745	670	0
746	747	313	313
747	742	283	283
748	749	267	0
749	750	404	0
430	751	803	0
269	752	56	0
715	753	868	868
753	754	673	0
752	755	182	182
307	158	759	0
756	757	319	319
757	676	544	544
758	759	89	0
372	760	165	165
761	626	263	0
762	763	511	511
764	472	599	599
472	765	808	808
766	490	157	157
759	767	253	253
767	768	731	0
768	769	445	445
770	771	201	0
772	210	454	0
210	773	720	0
773	774	253	253
775	696	1467	0
472	776	2953	0
777	778	553	0
779	780	149	149
222	781	194	194
348	129	569	569
129	782	622	622
783	784	342	342
785	786	82	82
787	788	130	130
789	790	517	0
791	792	258	0
793	794	337	0
795	796	211	0
265	797	570	570
797	798	169	0
794	799	245	245
800	801	152	152
721	802	107	0
802	803	297	0
356	804	611	611
97	805	301	0
806	807	372	372
808	809	108	0
810	811	672	672
812	542	1038	0
495	813	359	0
813	746	524	524
814	815	704	0
816	817	61	0
818	789	128	0
763	819	582	582
819	820	571	0
821	822	206	206
823	824	181	0
824	825	76	76
825	388	123	123
258	826	554	0
827	828	513	513
829	830	274	274
831	832	118	118
832	833	401	0
834	835	1194	1194
165	836	142	142
836	837	431	431
838	839	129	0
840	841	374	374
842	843	64	64
844	41	322	0
41	845	407	407
845	846	842	0
846	842	463	0
842	847	300	0
847	848	803	0
848	849	416	416
849	850	656	0
851	852	148	0
853	854	83	83
855	853	64	64
856	857	73	0
858	859	721	721
859	860	234	234
861	232	53	53
862	150	597	597
150	863	767	767
862	737	593	0
864	21	377	377
21	76	351	0
865	682	471	471
866	867	752	752
867	849	518	518
666	414	745	0
837	868	132	132
869	849	1842	1842
849	843	1527	0
716	708	133	133
870	871	452	0
765	869	535	535
386	872	91	0
873	765	606	606
689	874	451	0
875	876	118	0
877	878	50	50
420	727	246	0
743	879	170	0
879	742	235	0
742	747	282	282
747	746	320	0
880	881	741	0
882	883	1225	1225
883	884	399	399
884	885	741	741
480	886	962	962
886	477	176	0
620	887	870	870
743	888	170	170
889	890	1054	0
890	395	245	245
395	339	188	0
298	891	363	363
892	893	184	0
755	894	159	159
895	896	356	0
897	898	394	0
898	895	420	420
896	899	151	0
900	901	242	0
901	902	506	0
160	903	232	0
904	905	403	0
906	904	137	137
484	758	361	361
907	901	243	243
908	909	102	0
298	910	52	0
911	912	309	0
913	914	84	0
915	916	245	0
916	917	253	0
918	919	120	120
920	511	95	0
919	445	65	0
921	922	586	586
923	618	91	0
618	617	95	0
377	924	166	0
813	537	600	600
925	470	453	453
470	926	596	0
926	927	319	319
881	928	302	0
929	660	1291	0
660	930	149	0
931	927	307	307
927	770	448	0
770	932	76	76
352	317	738	0
317	351	1066	0
933	262	454	454
924	934	55	0
711	935	578	0
936	937	317	317
711	938	361	0
559	557	529	529
939	940	700	700
940	941	521	0
942	943	77	77
943	944	121	121
945	946	257	0
947	945	419	0
948	603	387	0
603	947	199	199
949	950	490	0
950	297	615	0
297	951	56	56
952	953	508	0
932	954	130	130
264	263	519	519
955	956	505	0
956	957	302	302
958	940	740	740
940	959	178	178
960	948	66	66
956	955	504	504
953	961	206	206
962	793	140	0
799	963	160	0
335	964	148	148
965	942	56	0
966	967	1107	0
968	969	466	0
969	970	730	730
971	276	200	0
972	973	316	316
974	975	274	274
186	976	376	0
977	978	740	0
979	980	629	0
981	982	152	0
260	971	204	204
983	78	452	452
154	984	147	147
888	985	195	0
986	984	147	0
65	987	1074	1074
988	989	503	0
990	991	273	273
992	993	153	153
640	185	129	129
994	995	75	75
996	997	396	396
468	591	145	145
998	999	153	153
1000	1001	364	0
1001	1002	108	108
1002	1003	244	244
1003	1004	282	0
1005	1006	122	0
1007	1008	1242	1242
1009	1010	424	0
1011	1012	254	0
1013	1014	135	135
1015	1009	357	0
1016	1017	119	119
1018	45	729	729
1019	1020	348	348
17	1021	629	0
1021	1022	328	0
1022	1023	200	200
1024	904	428	0
1025	1026	199	199
1027	1028	1008	0
1028	1029	550	0
1029	678	588	0
678	1030	914	0
236	1031	882	0
591	1007	143	0
1032	1033	188	188
1034	897	578	578
1035	1036	91	91
1036	1037	277	0
1038	1039	91	91
911	1040	73	73
1039	1041	316	316
1042	1043	240	240
1044	1045	260	260
1046	1047	198	0
1047	1048	133	133
1049	1050	529	0
561	711	111	111
1051	966	356	356
401	1052	438	0
935	1053	239	239
519	1054	287	287
736	236	884	0
236	1055	258	0
351	377	80	0
237	733	65	0
1027	906	1942	0
1056	906	430	0
1057	167	406	406
167	1058	217	217
1059	766	1527	0
1050	966	434	434
1060	856	133	0
856	1061	77	77
1062	424	370	0
1063	1064	142	142
1065	639	747	747
1066	1067	166	0
1068	1064	325	325
1069	1070	176	176
1070	880	198	198
880	720	465	465
1064	1071	154	154
1072	1073	292	0
1073	1063	234	0
1074	1075	265	265
1067	1076	1030	1030
179	1077	283	0
1077	1078	614	0
1078	114	1008	1008
1079	1074	298	298
372	1064	401	0
1080	1081	165	165
1082	1083	394	0
1083	1084	431	0
1085	1086	1278	0
454	1025	477	0
1087	1088	293	0
595	409	820	0
1088	1089	433	0
1090	1091	265	0
1092	1093	99	99
595	1094	606	606
1095	1001	160	0
1001	1064	189	189
1064	372	395	0
1096	1065	492	0
1065	1097	493	0
1098	1087	230	230
1099	1100	228	0
1101	1102	368	368
1103	1095	364	0
1095	1104	365	365
867	1105	1507	0
1094	595	605	605
1106	1107	63	0
1108	1109	150	150
51	70	433	0
70	69	367	367
995	889	553	0
1110	1111	242	0
1111	421	50	50
536	1112	342	342
1112	1113	204	204
1114	1115	89	0
1114	1116	51	0
1116	1117	242	0
1118	1119	186	186
1120	1121	296	0
1121	1122	345	345
1122	1123	214	214
1124	1125	149	0
1125	1126	218	218
1127	1128	530	0
1128	1129	429	429
676	528	526	526
1130	1131	407	407
1132	1128	528	528
957	940	178	178
940	1133	741	0
959	956	302	302
1134	763	669	669
1135	1136	101	101
1137	1138	221	0
1138	1139	505	505
1140	409	340	340
1136	1141	131	0
1142	1143	822	0
397	1144	81	81
1103	1000	189	0
1000	1068	156	0
1145	1146	405	405
220	795	267	267
1147	1148	423	423
1148	247	320	0
247	1145	284	0
1145	1149	160	0
383	1150	677	0
909	1151	96	0
525	1152	389	0
1153	1154	181	181
1154	1155	527	0
1155	1154	526	526
1154	1153	179	179
1156	249	170	0
299	1149	204	204
1153	1146	373	373
1146	1157	286	0
1109	1158	86	0
1158	979	549	549
1159	21	370	370
314	1160	926	926
314	783	55	55
783	1161	1320	0
820	1162	70	0
1163	316	206	0
1163	1164	131	0
1164	261	311	0
261	1165	718	0
316	1163	205	205
1166	1167	91	0
1168	1169	721	0
1170	917	227	0
917	1171	253	0
1172	509	254	0
1173	1174	84	0
1174	666	1415	0
1175	1176	515	515
412	915	339	339
1177	1178	103	103
1170	1179	220	0
1179	1180	200	0
632	139	346	346
139	1181	180	0
1182	1183	462	462
1183	972	221	221
1184	1185	101	0
1186	1187	106	106
299	1188	199	199
1189	299	304	0
299	1189	303	303
142	1190	88	0
121	1191	73	0
1191	343	86	0
593	1192	346	0
1193	1194	298	0
1195	1196	57	0
1197	1198	316	316
1199	1200	454	0
1200	1201	1321	1321
1202	1203	127	127
1203	1204	459	0
52	1205	60	0
700	939	124	0
1206	51	172	0
51	352	598	598
352	1207	347	0
1208	1209	705	705
1071	1068	171	171
1064	1001	191	0
1001	1095	160	0
1210	1211	910	0
1211	71	882	882
71	1212	905	0
1213	1208	149	0
1209	1214	582	0
1086	282	959	0
282	1215	786	786
1215	1216	225	0
1216	1212	147	147
879	1217	364	0
1218	1219	399	0
1220	1221	70	0
1221	390	544	544
1222	48	90	90
522	1223	354	0
1224	1225	171	171
1223	1207	154	0
1226	1222	348	0
1227	1228	1083	1083
1229	396	244	244
1230	521	447	447
1231	1232	406	0
1233	890	104	0
1234	450	274	0
450	1235	203	203
1236	1237	1532	0
1238	1239	621	621
1239	1240	160	160
1232	1241	68	68
1242	447	169	0
447	1243	254	254
832	1244	100	100
1244	460	148	148
460	1186	135	0
1245	1246	391	391
1244	1247	433	0
1248	1038	524	524
49	1248	447	447
1249	1250	467	467
1250	819	488	0
1251	1252	218	218
1252	1253	112	0
1205	391	651	0
391	1254	299	0
1255	1256	527	527
224	1257	131	131
1257	611	330	0
1258	1259	591	591
1260	1261	146	146
1262	1263	176	176
1264	1265	64	64
1266	978	245	245
1267	33	419	419
33	1268	357	0
1269	851	1404	0
851	979	561	561
979	1270	635	0
1271	1272	322	0
1273	1274	616	616
1275	1276	100	100
1276	1277	51	51
1278	1279	629	629
1280	1281	147	0
1281	1280	100	100
1252	1282	243	243
1283	1284	210	210
1209	1273	821	0
1285	1286	602	0
1287	1288	74	0
1281	1289	105	105
1289	814	363	363
1290	1281	58	0
1291	1292	266	266
1292	1193	670	0
1293	1294	647	0
213	56	195	195
1294	1295	656	656
367	1296	119	119
763	1297	661	0
1298	1299	408	408
1299	1300	273	0
1301	1291	149	149
1119	1302	124	124
1303	1304	507	507
1304	1305	117	0
1305	1306	105	0
1307	133	1259	1259
133	1308	220	220
1308	1309	365	365
1068	1310	439	439
1311	1049	372	0
760	1310	132	132
1312	1313	876	0
1314	1315	254	0
1315	1316	447	447
1317	60	150	150
1318	1319	641	0
1320	290	529	0
290	68	501	501
1321	1322	205	205
1323	1324	143	143
1325	962	573	0
1326	1327	137	0
1327	1328	204	204
631	1325	204	204
1322	1329	795	795
428	1327	213	213
1327	1330	230	0
220	1331	564	564
1331	1080	393	393
1332	157	205	0
1333	792	886	0
1334	1281	50	0
313	229	423	0
229	1335	187	0
1335	911	76	76
1336	1337	160	0
651	205	102	102
205	1338	107	0
1338	1339	194	194
1340	1149	744	744
1341	206	133	133
807	206	133	133
206	1342	731	0
1343	1344	588	0
1344	1182	416	416
1182	1345	92	0
1346	545	736	736
545	548	407	407
1347	1200	1323	1323
1200	1348	456	0
1349	1350	143	143
1351	1352	496	496
31	1353	560	0
1354	1355	179	0
811	37	78	0
37	892	194	0
6	1356	103	0
834	1228	764	764
1228	1214	819	819
934	256	316	316
1214	1357	1117	0
33	1358	554	0
613	545	486	0
545	1359	458	0
1359	654	236	236
654	1360	175	0
1361	1362	148	148
573	1349	50	0
1363	1008	144	0
1311	619	707	0
1364	1311	58	58
1365	1366	156	156
910	1367	53	0
1368	810	237	237
1259	1369	146	146
1369	499	737	737
1370	1371	316	316
1372	1336	452	0
1373	1374	369	0
1375	1376	568	568
1377	1378	245	0
1379	1380	75	75
1381	1382	653	0
1383	1384	178	178
746	1385	643	643
1386	263	532	532
263	828	426	426
828	1387	185	185
1387	1388	283	283
367	1389	981	981
1389	1390	674	0
157	1391	311	0
1391	1392	169	0
1393	1394	441	0
1395	1396	496	0
1395	78	133	133
1296	1381	309	309
839	840	82	0
1397	263	455	455
1398	1088	864	864
555	1399	825	825
1399	1400	431	0
1400	1401	379	379
1401	1402	1727	1727
1403	1103	600	600
1404	1405	84	0
993	1406	181	181
1407	1408	77	0
1240	200	72	72
200	217	1052	0
217	1324	122	0
1409	1410	181	181
1023	1386	164	0
1031	1411	64	0
1411	1412	1400	0
1413	970	951	0
601	1414	287	287
1415	1416	198	198
1416	647	304	304
1417	746	629	629
1138	624	801	0
717	1418	216	216
1419	1387	96	96
1387	1420	93	0
1401	1421	290	290
211	566	668	668
1422	1401	779	779
1401	1400	379	0
1400	1423	425	425
1423	1057	840	0
1424	1425	207	0
1425	1426	141	141
1427	1428	211	0
1429	699	354	0
1430	1431	64	64
1431	236	883	883
236	1432	255	0
1433	1401	306	306
1427	1434	207	0
831	1435	426	0
263	1234	75	0
1234	1436	422	0
1387	1437	111	111
1438	43	437	0
1439	1440	206	0
1440	1441	128	0
1441	1442	134	0
716	1137	315	0
1443	1439	304	0
1444	1445	178	0
1446	1447	692	0
1448	1168	398	398
1168	118	122	122
118	117	270	270
117	431	612	0
1449	1450	400	0
1450	1451	117	0
1309	513	103	0
1452	1453	491	0
1453	1314	223	223
1283	219	964	0
219	1454	903	0
1455	1065	472	0
1456	1457	332	0
1458	382	284	0
1459	1460	703	0
1164	1150	252	0
1150	381	298	0
381	1461	332	332
1462	546	514	0
1463	787	223	0
1464	1465	746	0
833	832	400	0
832	831	118	0
424	1454	303	303
1454	1333	281	0
1466	120	801	0
982	1467	189	189
1012	1016	218	218
238	1468	392	0
639	670	409	409
670	1469	316	0
1470	1471	531	0
1472	1473	1468	1468
407	1474	451	0
1475	835	74	74
835	1476	139	139
1477	36	60	60
1478	150	767	767
150	862	603	0
1479	109	313	0
1480	1481	1363	0
1481	1482	216	0
1483	214	734	734
1484	1485	190	0
281	1483	62	0
1486	66	451	0
66	513	886	0
280	1487	444	0
36	1488	99	0
1489	1490	118	118
1491	1492	118	0
1384	1489	535	0
1490	1493	268	0
1494	1383	400	400
1495	1496	53	0
1445	1497	414	0
1498	1365	260	0
1492	1444	534	534
1499	1500	892	0
1501	362	144	144
1502	1503	783	0
1504	1505	179	179
1506	1507	333	333
1507	1508	778	778
1473	1509	922	922
1499	1510	453	453
1510	1511	1197	1197
1512	1513	806	0
1513	1514	429	0
1514	1515	646	0
781	96	367	367
1516	22	852	852
1517	1518	398	398
1519	39	307	0
571	1520	254	0
1521	1522	381	0
1522	1523	656	656
1523	1524	505	0
1525	82	1406	0
1526	1527	200	200
713	1528	590	590
1529	1486	286	286
1530	1531	671	0
1532	233	97	0
40	1533	896	0
817	1534	212	0
1139	1535	215	0
1536	377	884	884
377	861	182	182
1240	1537	882	0
1538	1530	283	0
1405	26	85	85
1539	1540	74	0
279	1541	2190	0
1117	1542	71	0
713	298	463	0
1214	1543	819	819
1543	651	765	765
1544	1213	237	0
1545	112	94	94
557	1474	370	370
1474	1546	272	0
1546	1547	161	0
101	1519	1407	0
1548	1549	232	232
1549	1550	563	0
178	1551	242	0
1552	1553	448	448
557	1290	596	0
1554	1555	823	0
1553	180	104	0
179	1552	346	346
178	1556	490	490
1557	1111	228	228
1462	1558	94	94
1081	535	421	421
1559	536	539	539
1560	1561	201	201
79	1375	228	228
1562	1563	162	0
666	1170	1500	1500
1564	184	650	650
1565	1566	189	189
1567	921	96	96
1568	1569	138	0
1569	698	63	0
1570	1571	337	337
478	1572	461	461
1573	42	401	401
42	731	390	0
1574	1575	219	219
504	731	2559	2559
731	844	488	0
844	1576	2188	0
450	449	148	148
449	448	154	0
448	447	118	118
447	446	222	222
1162	1577	774	0
1578	1579	772	0
129	1580	200	200
1580	1581	213	0
1581	1582	358	0
1582	1583	258	0
1579	1584	91	91
1582	1581	358	358
1581	1580	213	213
1580	129	200	200
1585	1586	127	0
1587	1588	163	163
1589	1590	122	122
1591	1592	247	247
1593	104	464	0
1594	1595	173	173
1596	1574	454	454
774	729	85	85
193	1593	112	0
1597	1597	74	0
1598	1599	850	850
790	1600	362	0
633	1560	76	0
1601	1602	140	140
1603	1604	308	0
1604	1605	612	0
1606	895	1026	1026
42	41	480	480
1602	952	811	811
1607	1608	208	208
1608	1609	358	358
219	800	215	215
800	1610	385	385
1610	1611	205	0
118	1612	1756	1756
1612	176	219	219
126	172	786	0
1613	1142	394	0
1142	1614	283	0
1614	1615	250	250
1616	1617	448	0
1618	1619	280	0
1619	742	367	0
1620	1621	447	0
1622	1623	143	143
796	1624	578	578
1624	1625	565	0
1626	1627	339	0
1628	1629	177	0
1630	1625	91	91
1625	1631	197	197
1632	1633	873	873
176	615	398	0
615	118	1576	1576
1634	1635	68	68
1636	1637	424	424
1638	1639	350	0
208	1640	395	0
1640	1641	128	128
1641	1642	335	335
1642	1643	328	328
1644	1645	426	0
1645	1646	453	0
1647	1648	158	158
1649	1309	298	298
1625	1650	480	480
1650	1624	85	0
1624	1651	501	501
1651	796	71	0
155	1652	177	0
826	1109	69	0
1653	1554	898	898
155	1654	412	412
405	652	485	0
1655	156	574	574
1656	1657	226	226
686	1658	279	0
1659	1647	230	230
1464	665	300	300
1660	604	54	0
1661	329	54	0
1662	1529	893	893
1663	1664	895	895
1664	1665	1717	1717
1198	355	228	228
355	51	498	0
1666	1667	153	153
1668	257	260	0
1669	1668	217	217
1668	1670	374	0
1558	1671	274	0
1672	69	139	139
69	640	397	0
1667	1673	80	80
1674	707	60	60
1675	1676	461	461
1676	680	1984	1984
680	1172	72	72
1172	1677	200	200
1678	1336	464	0
1336	1601	470	470
1679	1680	796	0
1680	1681	665	665
946	1682	96	96
1324	1683	102	102
1683	1684	164	0
1684	743	364	364
1685	1686	76	76
1686	1687	366	366
1688	1689	89	0
1689	1688	88	88
1690	305	134	134
305	1691	248	248
1447	1347	381	0
1631	1692	175	0
1693	1694	73	73
612	1453	146	146
1453	1462	213	0
1695	542	219	219
542	1696	686	686
1697	1698	208	0
1513	1020	670	670
1020	455	658	658
1699	526	379	0
526	1700	1311	1311
431	1085	1042	1042
114	1701	195	195
1701	1078	806	0
1078	989	306	306
989	1077	307	307
1077	179	273	273
1702	64	280	0
64	1703	136	136
1350	1704	124	0
1257	1315	133	133
1705	1706	207	207
1707	1708	416	0
1023	446	274	0
446	269	189	189
482	1709	616	616
1709	931	367	0
1710	116	302	0
304	418	398	398
1646	875	166	0
1711	115	277	277
1712	1614	250	250
1614	1142	283	283
1142	1613	395	0
1514	1026	811	811
1026	1713	145	0
1713	453	550	0
1714	1670	201	201
1670	256	263	0
256	1715	777	777
1716	1717	698	698
1372	1678	90	0
1426	1718	907	0
1719	1154	199	0
1119	1720	246	246
1720	1721	203	0
1722	1719	203	203
1678	1372	102	0
938	1723	100	0
1025	1724	612	612
1725	1726	452	0
1726	1727	883	883
1727	1364	474	474
1728	1729	1010	1010
1729	517	599	0
511	634	74	74
1730	1731	562	0
1731	1732	615	615
1732	1733	471	0
1734	908	133	0
1734	1735	196	0
1736	1723	63	63
330	1737	844	0
1738	1739	54	54
1684	1217	188	0
1217	1619	239	0
1619	1740	282	0
1740	1741	317	0
622	1742	249	249
1743	1744	445	445
1745	1214	1117	1117
1746	1747	1183	1183
1747	1748	537	0
1305	1372	303	0
778	1743	155	155
1743	1749	202	202
547	1750	188	188
547	1751	112	112
1752	1753	396	0
709	1754	156	0
1755	1756	198	0
1754	1757	286	286
84	692	385	0
692	1758	400	0
1759	658	133	133
1760	1761	1413	1413
245	1114	199	199
1762	797	868	0
797	1327	890	890
1763	1731	314	0
1731	1764	247	247
1764	1765	409	0
1765	733	835	835
1055	1766	94	0
659	655	127	0
1767	1768	162	0
1277	1769	381	0
1769	941	492	492
1770	436	267	267
1771	347	368	368
1772	1738	53	0
1773	1343	108	0
1343	1774	183	0
1774	1775	183	183
1775	1773	108	108
1776	1777	669	0
1090	1650	901	0
970	1438	326	326
1438	1778	702	702
970	1144	844	0
1144	1779	114	114
1780	1781	213	213
390	1782	827	0
1782	1707	592	592
1707	1148	155	0
1774	25	615	0
1768	1783	56	0
1784	403	284	0
403	1112	177	0
1785	1786	149	0
1787	1788	418	418
1788	1789	211	211
941	1790	225	0
1493	1791	289	289
1791	1184	164	164
1792	1191	3886	0
552	1597	90	0
1793	1794	406	406
1795	1796	89	0
1682	235	85	85
1766	1797	80	0
1797	1798	798	798
1798	965	396	0
1274	1799	355	0
1800	320	347	0
1801	663	816	816
1777	1775	561	0
19	1802	235	0
815	557	466	0
1803	617	54	0
1704	1702	103	0
1500	238	513	513
1509	1690	516	0
1798	943	480	480
1804	1805	1534	0
912	1806	207	207
1806	935	450	450
1703	1807	311	311
25	751	607	607
751	1808	510	510
1302	1119	126	0
746	1809	508	0
1534	633	89	89
1810	1811	52	52
1812	1811	2381	2381
883	1400	401	401
1813	545	307	0
545	1452	96	0
1452	546	314	0
547	1695	187	0
1718	545	928	928
545	1814	257	0
1815	363	63	0
363	1536	548	0
777	1816	98	98
1817	1818	468	0
1819	1741	339	339
1741	746	377	0
1820	1821	62	62
1091	1822	1214	0
1823	1824	108	108
1825	1826	94	0
1827	1828	160	0
1829	1830	67	0
1830	288	92	0
288	1823	654	654
1824	1091	294	294
1057	1398	60	60
1088	552	471	0
1831	1832	554	554
930	22	893	893
1833	238	116	0
362	1464	724	0
1465	1834	54	54
1727	1726	1031	0
852	851	149	149
174	1377	809	809
1139	1835	501	501
1835	1836	110	110
1836	1837	193	0
1838	1839	176	176
1839	1840	181	181
1840	1732	306	0
1732	1841	228	228
1841	1842	421	421
1843	1844	624	0
1845	1846	223	223
1847	1848	160	160
1237	937	446	446
1849	694	1219	1219
1549	1233	979	979
1850	1851	802	802
1851	1852	912	912
1853	370	183	0
1854	1855	750	750
1855	1109	80	0
1109	1856	853	853
1856	1715	148	0
1715	295	407	407
1857	1858	110	0
600	1859	274	0
1860	1606	375	0
1606	1861	420	420
1861	584	965	965
584	495	543	543
1862	1863	144	144
1862	1864	371	371
239	1865	884	0
512	1734	139	0
928	1866	302	0
1866	1867	320	0
1867	880	419	0
1868	1860	144	144
1869	1510	920	0
1870	1864	187	187
1864	1871	57	0
1872	123	316	316
123	1873	954	0
1874	551	890	0
1875	571	139	139
1081	1876	94	0
1877	1878	80	80
1879	1880	448	0
1826	635	146	146
1113	964	98	98
964	1881	189	189
1848	1298	413	0
1882	1883	813	813
1344	1884	105	105
1009	1885	440	440
1886	173	435	435
1887	1354	131	131
1888	1413	65	0
407	1889	274	274
1889	1890	143	0
1891	1387	106	0
1387	831	177	0
1610	1892	445	445
1892	1893	160	160
1893	1062	275	275
815	407	371	0
254	1894	607	0
1895	451	143	143
844	107	1425	0
405	1896	191	191
1896	1897	164	164
1898	1899	306	306
1899	367	131	0
1900	1901	596	0
819	1250	488	488
1250	607	467	467
1902	1903	374	0
1904	1905	141	141
1309	1308	365	365
1308	133	221	221
133	1906	1298	0
267	15	202	202
1313	1214	973	973
1907	1753	150	150
1753	1502	247	247
1437	913	193	0
1908	1909	76	0
329	1910	54	54
1911	621	180	0
920	634	66	66
634	936	124	0
1896	653	523	0
1571	1912	322	322
1534	617	57	57
1913	1102	178	178
1102	1914	119	119
1611	1915	171	171
1916	1917	85	85
1918	1570	129	129
1467	882	453	453
882	555	465	465
1729	1389	526	526
1389	1919	343	0
1920	1921	373	0
1922	865	242	242
57	816	183	183
1923	1924	387	0
1779	1925	65	0
1926	941	737	0
1889	1546	460	0
1546	1302	368	368
1917	1916	83	0
426	1927	862	862
1225	1928	68	68
1929	761	412	412
1897	1930	309	0
1151	1803	85	85
1931	1932	673	673
1933	179	710	0
517	1046	498	0
1542	1759	64	64
1934	1935	331	331
1116	1936	230	230
1937	1275	568	0
1275	1938	169	0
1939	1940	421	0
1941	1942	141	0
1943	1944	89	0
1940	1945	687	687
1946	1042	813	0
1042	1947	234	234
616	76	246	246
76	1920	370	0
1948	1941	212	212
1686	881	491	491
1949	609	280	280
609	1948	124	0
1313	1950	549	549
376	703	521	521
703	1951	372	372
206	1879	774	0
1952	1303	147	147
1696	977	1125	1125
1953	1954	312	312
1955	609	275	0
1956	1957	467	0
1958	1959	214	214
1960	1416	359	359
1416	1961	270	270
1962	768	875	0
768	32	557	557
864	1963	217	0
1261	1258	138	0
665	1464	295	295
1964	378	855	855
378	1965	51	0
1966	1116	108	108
255	1196	151	0
893	834	406	0
1967	1968	137	137
1969	1970	114	114
1971	1969	437	0
1735	1972	77	0
883	735	826	826
566	31	340	340
549	566	353	353
566	1973	330	330
1973	1974	623	623
1968	1971	81	81
1975	814	523	0
1274	1967	104	0
1339	5	190	190
1759	644	91	0
1976	1763	1379	0
1763	1977	219	0
1977	1840	528	0
1840	1978	411	411
1274	650	523	0
1979	1366	703	0
1366	970	330	330
824	1980	248	248
1528	1981	146	146
350	120	64	0
502	179	1072	0
179	178	205	0
178	177	352	352
177	176	149	149
176	503	861	0
650	204	224	224
204	1759	763	0
1982	1983	328	0
1984	1985	303	303
1986	211	163	163
1987	1988	88	0
1577	1326	99	0
1989	1990	99	0
284	855	419	419
1991	283	536	0
1992	1481	182	0
1481	1993	305	0
283	1994	542	0
1901	829	368	0
1382	1644	601	601
283	1215	555	555
1995	928	373	0
928	1688	598	0
1688	1996	128	128
1997	1992	498	498
1992	1998	163	163
575	1999	177	177
2000	1993	257	0
1993	2001	233	0
2002	974	77	0
974	2003	209	0
514	190	142	0
2004	2005	181	181
1204	2006	814	0
2006	1204	806	0
2007	1806	241	241
1806	710	647	647
2008	2009	392	0
435	164	223	223
2010	2011	182	182
773	2012	1031	1031
2012	749	324	0
1410	2013	206	206
2014	446	153	153
2015	1003	282	0
1003	1002	244	244
1002	1001	106	0
1001	1000	368	368
2016	324	472	0
324	139	674	0
2017	2018	364	0
2019	2018	121	0
2020	2016	228	0
2016	2021	393	393
2022	2023	290	290
2023	2024	214	0
289	2011	101	101
2011	2023	189	0
2025	2008	594	0
2005	2026	827	827
2027	1252	577	0
2028	718	95	0
718	2011	510	0
706	1666	151	0
2029	1235	204	0
2030	2031	334	0
1694	2032	131	0
2032	1523	423	423
1523	890	1054	1054
395	1661	189	189
2033	1583	296	296
1583	2034	741	0
2035	2036	131	0
1085	431	1047	1047
2037	448	267	267
448	2038	171	171
1604	1820	213	213
1820	1235	178	0
1235	2039	139	0
2039	2040	129	0
2041	15	626	0
2042	1583	739	0
1583	2031	353	0
2031	269	690	0
269	1243	238	0
1243	2037	119	119
2037	2039	127	0
2039	1235	140	0
1235	1247	187	187
1247	833	295	295
833	753	323	323
2009	2043	556	0
2043	2044	776	0
2045	1793	224	0
2046	929	449	0
2047	269	250	250
2048	2049	150	150
1629	2050	99	0
1582	2051	571	571
868	2025	234	234
841	2045	71	71
2052	1830	67	67
1926	958	575	0
1133	1429	187	0
2053	296	70	70
296	2054	449	449
95	386	227	0
2055	1032	522	0
1963	2056	608	0
2057	2058	490	490
2058	2055	272	272
2059	2060	52	0
2061	2062	744	744
771	729	991	991
774	2063	986	0
2064	556	396	396
556	2065	339	0
2065	156	362	362
2066	2067	138	138
2067	2068	383	383
1454	2069	52	52
2068	759	422	0
2070	2071	679	679
2072	1165	205	205
2056	2073	266	0
2074	444	398	0
2069	2070	630	0
1858	609	252	252
438	2075	439	0
2075	1	416	0
1515	63	1069	1069
63	1512	803	803
2076	1620	102	0
1041	2077	439	0
78	1395	133	0
1174	2078	458	0
1254	870	532	0
871	1708	103	0
1708	1147	204	0
1147	142	381	381
2079	1226	221	221
1157	2080	103	103
2080	264	948	948
2081	1090	383	383
2082	2083	135	135
2083	2084	172	172
2085	1885	552	552
1885	969	581	581
969	44	304	0
44	2043	769	769
2086	2087	1131	0
803	1985	136	136
1985	2088	68	68
1330	2089	96	0
796	1090	266	266
1090	2090	383	383
2006	2091	635	0
2091	2092	573	0
2093	1744	186	186
1744	621	149	0
2094	2095	87	87
1091	791	223	223
2090	1831	451	451
2096	2081	112	112
1281	2097	100	100
1289	1281	108	0
1657	1515	873	873
2098	763	166	0
1515	1713	673	673
2099	911	290	0
2100	2101	114	114
1905	1770	277	277
1905	1249	555	0
606	274	268	0
2102	581	389	389
2103	1756	191	0
1756	1728	92	92
2104	2103	95	0
579	580	104	104
2105	1954	60	0
2106	409	589	589
409	2107	590	0
273	2108	101	0
2109	2110	976	0
2110	2111	552	0
2112	2113	69	69
2114	2115	1079	1079
2115	1798	62	62
798	744	298	0
1882	2116	150	0
2117	437	268	0
2117	2118	199	0
2119	1835	284	284
1741	2120	664	0
1816	2121	151	151
1652	2122	212	212
2122	265	453	0
275	1517	139	0
1916	2099	184	0
2099	2064	131	131
1954	272	293	0
608	275	276	0
1373	2123	456	0
286	1495	50	50
2124	2125	154	154
2126	2127	109	0
2128	2129	145	145
704	724	211	0
2127	327	274	274
327	933	426	0
933	1461	350	350
1342	1946	95	0
558	1280	662	662
999	2130	505	0
2131	533	981	0
599	9	118	0
763	2098	166	166
2098	1280	235	235
2132	2133	950	950
1739	2134	121	121
1648	515	164	0
565	864	754	754
1286	613	928	0
584	583	604	604
583	1034	403	0
2135	2136	88	0
1548	384	62	62
2137	2138	90	90
819	147	610	610
763	955	661	0
955	1275	568	0
1275	2139	170	170
293	664	848	848
664	2140	517	0
2140	1293	644	644
1203	2141	156	0
153	986	479	0
2142	223	55	55
322	2137	1223	1223
1531	1317	255	255
1965	47	252	0
47	158	822	0
158	163	574	0
163	1141	327	0
1141	2143	59	0
2144	162	254	0
162	2145	348	0
2146	564	52	0
777	1754	220	0
2138	123	361	0
123	2147	953	0
2148	1845	69	69
166	2149	312	0
2150	2151	128	0
1423	166	386	386
1103	1218	372	372
1104	1003	166	166
1003	1073	195	0
1073	2152	195	195
2152	370	178	178
2153	2154	128	0
2155	2150	490	0
2150	2156	107	0
181	2157	95	95
1175	2158	162	0
2159	2160	74	0
2160	2159	72	72
478	2161	341	341
2162	2163	1241	1241
2163	1066	215	215
2164	2162	309	0
2121	716	424	424
1476	67	216	0
45	968	305	305
1103	1403	578	0
970	969	730	0
969	2165	466	0
1104	2166	272	272
2165	1015	221	221
1749	874	595	595
1104	1095	365	365
1095	1103	364	364
2093	1749	448	448
1718	1286	481	0
2050	2167	90	0
537	583	901	0
583	2168	791	791
488	536	685	685
2167	2134	118	0
2169	689	457	0
2170	1200	249	249
902	298	96	96
901	2171	506	0
536	2172	682	0
2173	916	260	0
916	1179	329	0
2174	2078	102	102
2078	2175	774	0
1176	2176	68	68
2177	2178	252	0
2178	2175	223	0
432	2177	68	68
2179	2152	156	0
2152	1063	341	0
1063	1002	189	0
2159	569	236	0
569	2180	353	353
2180	2181	556	556
2175	917	254	254
917	1173	221	221
2176	2182	179	179
2182	114	386	0
2183	1902	364	0
1748	1747	533	533
1747	1746	1192	1192
2171	298	96	0
2184	1578	59	59
2169	1773	907	0
2185	2186	561	561
2187	1776	670	0
2188	915	439	439
915	2189	265	265
2190	2191	1195	1195
2192	1812	1535	0
1812	2191	455	0
2191	765	344	344
765	2191	385	385
2191	1812	459	0
1812	2193	1533	0
332	2194	570	570
2195	2196	202	0
2197	2198	92	92
2199	2200	198	198
2201	2202	91	0
2196	2203	91	91
2204	2205	504	504
2205	2206	385	0
2200	2207	90	90
2208	973	130	0
973	2205	378	0
2205	2169	590	0
2209	1616	966	0
2210	1709	679	0
2207	2211	841	0
2203	2212	866	0
788	790	480	0
790	2213	277	0
2213	1125	246	0
788	2214	360	0
1959	1844	769	0
1844	2215	243	243
2216	775	72	72
298	297	417	417
569	568	398	398
568	2217	451	0
2218	2219	1113	1113
2219	2197	973	973
1196	1148	387	0
872	1987	54	54
1190	2220	176	176
2211	2219	131	0
2219	2201	972	972
1196	142	421	421
2198	1772	200	0
2221	1626	591	591
1626	2222	773	0
874	2185	582	582
2185	2223	385	385
2223	2224	129	0
1988	287	535	0
287	1333	95	95
2225	216	714	714
216	199	107	107
1130	199	1397	1397
199	216	143	0
2226	511	125	0
1555	2227	372	0
2228	1110	57	57
2229	2230	1147	0
216	2231	473	473
2232	2083	851	0
1852	2233	121	0
2231	2234	202	202
2235	2233	203	0
1288	2236	339	0
2237	1283	72	72
1111	1567	173	0
1284	1252	112	112
2238	528	215	215
2236	1080	152	152
2239	1127	142	0
2240	2241	53	0
2242	2237	339	339
1400	168	384	384
168	2243	343	343
2244	1123	906	0
1123	2245	623	0
2245	1484	478	0
110	416	155	0
1970	2228	61	0
213	274	531	0
35	27	191	191
1008	591	1397	0
591	468	147	147
1214	2246	585	585
1253	1287	207	0
2241	1475	312	312
2247	206	823	823
1751	1671	380	380
1671	1316	291	0
1316	2142	72	72
1892	422	345	0
805	1368	75	75
663	329	104	104
329	2248	695	0
2249	2250	216	0
1263	1035	756	0
2251	1931	224	0
1893	1648	203	0
2077	2251	176	0
1584	819	551	551
819	763	592	592
2252	640	444	444
2253	1390	105	105
2254	1397	83	0
2255	1059	259	259
1062	1634	181	181
2256	2020	121	121
2257	1262	897	0
1932	2258	690	690
1626	2259	402	402
2259	150	373	0
150	2260	270	270
2260	1680	848	0
1680	2261	703	703
2261	1747	510	0
1627	1626	339	339
1951	2262	239	0
1520	1506	649	0
1506	739	747	747
739	456	482	0
2262	2263	75	0
2263	2264	340	0
2265	877	673	0
2266	2267	175	175
2267	2268	775	0
2269	2270	76	0
2271	1838	330	0
2272	2273	557	557
2273	2274	238	238
2275	2276	383	0
424	94	565	0
2277	2259	763	0
1210	480	1251	1251
480	2132	316	0
2132	1108	544	544
2278	1839	912	0
1839	2279	420	420
2038	448	176	176
448	2037	262	262
2280	449	109	0
449	2039	189	0
2281	1796	303	0
2260	1795	226	0
2110	2282	629	629
2283	2284	206	206
2250	1891	193	0
1469	1398	301	0
2054	2285	58	58
456	2266	119	0
984	78	451	0
78	2286	135	0
739	738	330	0
738	737	778	0
737	2287	570	570
2287	2288	763	763
2289	326	607	607
326	380	298	298
380	2072	343	0
2290	2291	95	0
27	2292	793	793
2285	2293	73	0
1884	1344	106	0
1884	2294	383	0
228	230	425	0
1528	2295	406	406
2089	2183	1000	0
230	1300	744	744
1990	1827	470	470
1827	1569	1749	1749
1569	695	3274	0
1540	2296	173	0
345	1184	101	101
2297	1722	185	185
1722	1153	198	198
1185	349	221	0
2298	1028	1494	1494
2299	2259	304	0
2300	72	583	583
2301	2302	458	0
2302	1459	172	172
2116	1874	50	0
1211	2300	460	0
2300	2303	81	0
2123	2304	198	0
2305	117	653	653
1874	2306	50	0
1378	203	556	556
1791	2307	161	0
1802	24	328	0
2308	1595	715	0
23	2309	486	0
2310	996	552	0
2311	825	245	245
944	2312	138	0
862	2313	1363	1363
2314	960	200	0
1599	577	275	0
2315	2061	730	0
2316	1588	150	0
1588	1491	570	0
576	578	457	0
105	562	207	207
2317	1177	93	0
1592	2318	554	554
720	2319	345	345
2319	470	327	0
2320	1960	317	0
1960	646	319	0
646	2298	1375	0
1977	2282	346	346
1232	1301	249	249
357	363	168	0
1535	1139	263	0
2119	2311	61	61
2311	1980	117	117
1980	1266	141	141
1850	2321	573	573
2322	1681	255	255
1681	2281	844	844
2281	862	264	264
2323	1717	225	225
1717	2273	218	0
2273	2324	343	0
2324	2282	346	346
51	2325	498	0
2325	1198	228	0
1198	226	1281	1281
1376	389	363	0
389	1535	227	227
226	310	464	0
311	804	461	0
804	1198	199	0
1183	2326	132	0
2327	2112	642	642
2328	2329	618	0
2330	2331	246	0
2116	1882	151	0
438	265	265	0
797	2332	196	0
623	2333	347	347
2333	519	652	0
2334	2149	242	242
2331	1403	497	0
1403	2335	607	0
2149	1058	987	987
2336	2004	97	97
1219	2337	209	0
2291	2184	410	410
2338	1760	358	0
1760	2339	2349	2349
2339	2289	108	0
2289	2340	318	0
2340	2100	106	0
2100	722	224	224
722	2341	802	802
1442	2342	256	0
2343	1229	329	0
264	827	425	425
827	2344	186	0
2344	2058	372	372
1919	374	361	0
2345	365	91	0
1082	1080	255	0
1692	1852	126	126
1107	1718	148	0
2294	2205	518	518
2205	2294	522	0
439	265	172	172
2346	1874	66	0
1874	2347	66	66
2306	2348	304	0
2233	1630	121	0
747	1740	372	372
471	2349	55	55
2350	1443	263	263
2351	243	283	283
243	249	467	467
2161	2174	65	65
2026	1535	814	814
343	106	222	222
237	1632	457	0
1621	2164	860	860
15	255	192	0
1315	1462	241	241
1137	623	807	807
1146	2352	100	0
1533	1662	122	0
2353	582	710	0
1840	2354	412	0
2355	1919	513	513
1919	366	918	918
1605	2040	82	82
2040	2047	118	0
1358	768	402	0
2356	529	496	496
529	757	521	0
2357	1591	82	82
961	2358	95	95
2359	2357	144	144
2358	236	254	0
2360	1798	876	876
1798	2361	613	0
1432	2360	95	0
2362	1631	886	886
1637	253	138	138
2363	2324	1595	1595
2324	2271	467	0
2271	859	332	0
1331	1083	262	0
540	182	653	0
2364	2027	315	315
2027	442	209	0
360	1933	184	0
1459	1373	175	175
751	430	803	0
2365	735	1153	0
2366	422	198	198
1279	1122	897	897
2367	705	64	0
2368	746	503	503
2369	2370	91	91
2370	723	405	0
723	2371	248	0
2372	2000	683	683
2000	1482	348	0
1482	2216	318	318
174	1837	239	0
2373	2374	346	0
553	500	480	480
500	2115	789	789
2342	2375	726	726
2264	1104	272	272
2376	724	277	277
2309	520	208	0
520	2377	646	0
1497	2160	359	359
2160	1175	489	489
2378	556	139	0
341	323	242	242
2379	2380	220	220
1454	219	887	0
219	1283	964	964
674	493	246	0
2381	2306	120	0
2306	2381	114	0
748	2381	1144	1144
487	1784	254	254
2348	2116	303	303
2348	2382	152	152
2383	2384	427	427
2384	1600	279	279
1600	2214	476	0
2214	2385	316	0
2386	2387	194	194
2388	2389	1100	0
2390	1755	95	0
785	373	145	145
393	1548	145	145
2391	2179	133	133
1063	2152	354	354
2152	2179	156	156
1002	1063	188	0
152	2086	109	109
2392	1062	57	0
1064	1063	143	143
1063	1073	233	233
1073	2393	291	291
2394	394	209	0
394	1233	242	242
1233	2395	378	378
2396	2383	68	0
2397	2398	109	0
2	2399	70	70
2399	2400	62	62
338	2401	88	0
1355	2402	173	0
2403	66	401	401
2404	2403	144	0
1837	1266	283	0
1266	823	244	0
823	153	253	253
978	223	239	0
2335	1103	371	371
1310	1068	438	0
1068	1000	156	0
1000	1103	189	0
370	2152	178	0
2152	1073	195	0
1073	1003	195	0
1003	1104	161	161
66	991	213	213
1103	1068	360	360
2405	127	132	132
2406	2407	1026	1026
2408	2359	74	0
2402	2409	75	75
2409	1202	150	150
1202	2092	462	0
2092	737	755	755
737	862	594	594
150	2410	792	792
1980	1836	282	0
2411	1370	488	0
1370	2412	434	0
2095	645	1217	1217
2113	2413	1153	0
2414	440	2128	0
2112	1030	374	0
1030	2094	662	0
1719	1033	231	0
2415	2416	311	0
2219	648	2398	0
265	2417	922	922
554	2418	473	473
2418	2114	241	241
2114	1013	243	0
211	210	1062	0
2419	1983	547	547
441	1665	303	0
1665	2113	657	0
1504	2420	107	107
639	1923	745	0
1923	2421	471	0
1154	2352	353	0
2352	2422	182	0
1983	2419	547	547
1623	748	314	0
1188	242	264	0
242	2423	296	0
835	221	954	954
2287	2091	761	761
2091	1204	466	0
1204	2424	158	158
2424	2396	360	360
2092	2091	574	574
2091	2006	625	0
2425	2426	53	0
2426	2427	503	0
662	2428	98	98
2428	329	206	0
1372	2429	114	114
2429	2430	514	514
1952	1424	308	0
462	486	240	0
2219	1861	773	773
1861	898	1020	1020
1392	2301	197	0
2431	2432	2816	0
2432	1818	570	570
1818	2433	381	381
2434	1504	379	379
2429	1304	300	300
2435	1202	225	225
2436	466	604	604
230	556	319	319
1535	2119	437	437
2063	2426	139	139
2437	1847	559	0
1300	230	744	744
997	308	243	0
2438	1832	194	194
309	2439	100	0
2440	785	144	144
1194	797	165	165
797	265	574	0
1286	1424	883	0
661	2428	243	0
2337	2263	481	0
2441	2390	658	658
2442	300	334	0
967	2308	264	0
1600	790	359	359
32	210	561	561
773	1934	147	0
1935	730	260	0
730	482	698	698
857	351	332	332
351	225	895	0
2344	1155	499	499
1832	2310	192	0
1831	520	645	0
520	2187	208	0
1505	2436	102	102
2443	2158	150	0
1390	1389	675	675
1389	367	980	0
1919	1389	345	0
1389	1729	529	0
1867	2319	526	0
2319	1271	600	600
2444	2229	577	0
684	2445	363	0
2333	2093	303	0
336	395	188	0
395	2343	244	244
2343	1523	1055	0
1523	2446	532	532
2447	1459	413	413
847	2432	1541	1541
1811	1811	78	0
848	1817	973	0
1817	2448	676	676
685	767	437	0
2449	2412	328	0
2412	2450	437	0
1268	2451	77	0
1171	2173	264	0
2173	2189	256	256
2189	411	333	333
2452	413	316	0
121	2453	1785	1785
2454	107	4117	4117
107	102	390	0
1550	2455	240	240
1521	2456	540	0
727	2457	650	0
1664	1788	1101	0
1102	1101	368	368
2458	693	286	286
2459	2325	275	275
2460	506	113	0
506	1783	396	0
1783	2461	214	214
1910	395	188	0
1523	2462	422	422
2462	1908	131	0
1973	566	321	321
1167	2463	540	540
365	2330	114	0
870	1782	410	410
1782	2247	342	0
1447	1427	484	484
2021	1447	375	0
2464	1393	177	0
2465	2466	295	0
2467	835	222	0
835	1479	71	0
2468	2469	109	109
2470	2471	235	235
2471	1512	63	63
1512	2472	756	0
2472	572	169	0
2473	2467	85	0
1477	1488	65	65
1488	30	284	284
30	1965	653	653
1965	434	525	525
2474	2475	120	120
2408	2474	73	0
954	2425	200	0
1391	2476	92	0
2469	2477	78	0
2476	2478	78	0
156	2479	216	216
1394	2345	492	492
2479	2468	293	293
271	2013	268	268
2013	1021	328	328
1021	1771	240	0
2480	559	94	94
559	763	661	661
1721	1134	119	0
2462	2481	211	0
2482	2483	243	0
2484	2485	204	204
1799	2486	267	267
1810	2487	2020	0
501	2418	522	522
2488	2128	525	525
2079	2489	409	409
2489	50	299	0
1054	996	192	0
153	1396	447	447
1396	1376	323	323
1811	2448	51	51
2448	1811	53	0
1837	2490	140	0
2491	553	448	448
2492	2493	382	382
2398	1887	489	0
2494	2014	157	157
2495	2496	210	0
939	762	464	0
1089	2497	133	133
2498	2032	197	197
1629	2148	112	0
1447	323	275	275
323	2499	313	313
2499	172	585	585
172	126	786	0
4	2500	72	72
2401	2501	133	133
172	2499	584	584
2499	323	313	313
323	1447	275	275
2502	2412	328	328
2412	2484	331	331
2484	1693	134	134
1909	2496	135	0
2496	2503	657	0
762	956	681	0
1181	2504	714	0
348	2505	314	0
2505	2506	201	201
2506	2507	356	0
556	523	618	618
437	2399	736	0
2508	576	274	0
2108	2509	346	346
437	2117	268	268
2510	2511	204	0
319	866	1283	1283
2512	854	761	0
854	1216	544	544
2513	866	74	74
319	1105	1343	1343
1775	18	561	0
536	2362	261	261
2362	1851	268	268
2083	3	829	0
2514	1276	138	0
2515	2513	58	58
2516	1769	187	187
1769	956	565	565
2380	1956	223	0
458	2517	328	0
1654	763	1196	1196
2518	2519	214	214
518	1390	131	131
391	390	416	0
2520	319	416	0
2512	2521	129	129
1279	2244	189	189
950	332	384	0
726	2522	217	217
473	2523	527	527
2522	687	639	0
443	2524	503	503
2525	2287	763	763
2287	737	570	570
1782	248	343	343
248	1340	449	0
1340	2423	271	0
2423	2351	216	0
2351	2526	118	0
2113	2112	69	0
1503	2527	788	788
1178	2528	284	0
1683	2529	118	118
2529	1618	371	0
1618	1819	636	636
901	1528	535	535
1687	1070	580	580
874	2530	204	0
1981	901	387	0
1503	2531	391	0
930	2377	743	743
2531	2185	561	0
2186	1503	397	0
2377	2081	451	451
332	950	383	0
2282	2324	338	0
2324	2273	344	344
2273	2323	443	0
2532	2533	147	0
2533	1973	623	623
2157	2534	157	0
2158	1175	166	166
2157	1564	95	95
2534	2535	311	311
2535	568	363	363
568	2443	186	0
2443	568	186	0
568	2535	363	363
2535	2534	312	312
2282	1977	354	354
494	2154	858	858
2154	2536	286	286
2536	2537	139	0
2537	2538	297	0
2539	2540	865	865
1080	2242	152	0
860	2541	104	104
2542	113	254	0
113	2537	507	0
1460	2543	265	265
2544	821	811	0
821	123	114	114
1503	2275	418	418
2275	2061	112	0
1881	402	141	0
402	461	380	380
1503	2545	473	0
430	1343	594	0
2546	2547	63	0
1088	1099	292	0
2548	1923	386	0
775	350	302	302
2067	685	197	0
1265	2142	121	0
2549	2550	219	219
1834	1166	88	88
2551	2326	134	0
2326	2552	319	0
2227	2131	653	0
268	1146	285	285
1146	1189	374	0
1189	250	208	0
250	2553	173	0
1631	1082	178	0
2554	2555	144	144
350	342	64	0
2556	31	524	524
560	1736	786	786
2521	2520	64	0
442	2364	486	486
700	2557	451	451
2558	2279	138	138
2279	1840	274	0
1840	1977	529	529
1977	2111	228	0
2111	2559	1369	1369
2560	2279	138	138
2561	92	316	0
92	2562	101	101
2563	1191	1601	0
1083	1624	184	184
1624	2564	124	0
1507	738	749	749
738	2518	300	300
2518	2267	287	287
271	2030	647	647
2030	1582	346	346
2565	269	57	0
2566	2567	190	0
688	1005	485	485
1426	1106	696	0
2140	1295	672	0
2568	808	975	0
1485	1705	169	0
2569	2570	215	0
2571	2370	90	90
2572	667	181	0
2573	1547	172	172
1547	2574	376	376
26	2575	50	0
2576	1034	271	271
2577	1120	338	0
1120	1278	864	864
2569	2578	211	0
2578	2372	395	0
2579	1260	164	164
183	2580	225	0
1286	2581	71	71
135	1641	581	0
2136	2551	80	80
2527	1379	584	0
534	1918	153	0
903	1359	412	0
914	1907	131	131
1342	2582	92	0
1942	2583	66	66
2497	2532	358	0
1337	1285	478	478
2584	361	375	375
2409	2141	100	0
1474	1720	496	496
2424	2141	487	487
2585	2586	130	130
2586	2587	112	112
1974	2588	214	214
2589	2533	214	0
2589	1877	55	55
1933	2590	552	552
2591	1933	539	0
1933	360	194	0
2529	217	171	0
2592	1636	351	0
1639	2296	486	0
2296	2593	137	137
2072	741	700	700
741	2369	217	217
2369	2571	56	56
2571	2340	333	0
2517	1337	139	139
1336	2594	247	0
2595	1337	166	0
1337	2596	446	446
13	2597	505	505
1076	136	101	101
137	2598	60	0
2591	2599	102	0
2600	2601	143	0
2602	2590	101	0
360	2454	577	577
2603	1399	705	0
2220	2041	151	151
2604	2378	101	101
385	392	71	71
303	2605	293	293
1790	1539	320	0
2321	1361	189	0
1361	1559	106	106
1855	1158	124	124
2606	2607	352	0
2607	168	687	0
1300	671	472	472
2601	2608	50	0
2528	2600	720	0
2608	2591	53	53
2590	2609	54	54
10	1526	205	0
2400	1904	336	0
2472	302	239	239
2610	1764	1590	1590
1764	1841	509	509
1841	2611	332	332
1933	2602	445	445
2612	1638	425	0
2599	1933	440	0
2613	2066	351	0
2614	2261	1848	1848
2261	2059	559	0
2615	2033	476	476
2033	1596	103	103
2047	2615	473	0
1303	2430	310	310
2430	1464	174	0
2616	2261	556	556
2261	2617	1845	1845
2618	2577	225	0
2422	2080	108	0
1496	1715	406	0
1715	1856	135	135
1856	1109	868	0
1109	2619	840	0
2620	530	507	0
2621	1675	1815	0
1675	2622	905	905
689	2093	640	0
2623	2624	294	0
2624	2625	347	347
2625	2245	223	223
360	107	4690	0
107	103	606	606
2626	2323	370	0
2323	14	80	0
1210	886	415	0
886	2133	255	255
2133	1856	711	711
1856	258	578	0
258	1669	257	0
1669	852	191	0
2627	2397	83	0
2628	2629	356	0
1418	1886	560	0
1380	777	173	173
192	195	321	321
177	2630	214	214
2630	2629	168	168
2631	231	141	0
1551	2628	167	0
2628	2632	250	0
2633	745	671	0
1292	2508	622	622
2508	2634	50	0
425	360	889	0
360	2635	210	210
562	2636	106	0
2636	563	53	0
155	2637	50	0
2638	360	212	0
360	425	887	887
2639	1838	137	137
1838	2282	536	536
2640	2411	335	0
2411	713	446	0
613	1352	420	0
1352	549	74	74
1367	1370	316	0
1999	2104	805	805
1537	2002	300	300
2002	2641	117	0
1371	331	53	53
2282	1838	540	0
1838	2642	133	0
1924	638	754	754
638	1924	755	0
2581	1306	244	0
1306	1678	287	0
2643	2302	167	167
1876	1631	160	0
746	813	524	524
813	495	359	0
495	584	534	534
584	1861	956	956
1861	2416	420	0
2416	1862	375	0
1776	689	437	437
456	2471	1209	1209
2644	178	493	493
1551	178	245	0
1008	884	419	0
884	1401	388	388
1401	2607	509	509
2607	2645	1094	0
1440	2470	82	0
2646	93	248	248
2647	2035	50	50
640	2647	447	447
636	69	396	0
69	2648	141	141
840	1370	484	0
2385	1463	356	0
2649	280	435	435
2554	2650	143	0
537	742	529	529
750	2427	330	0
2651	2382	514	514
1986	750	336	0
2651	750	75	75
2382	2651	514	0
586	601	76	76
1246	1245	391	0
2652	1765	1458	1458
1765	1842	458	0
1842	2653	427	0
2427	2012	397	0
2012	1622	105	0
1622	1456	53	53
750	2654	183	0
792	219	337	0
1610	2655	205	0
2213	1124	111	111
1124	170	58	0
2086	589	289	289
2656	2657	2469	2469
2657	315	1347	1347
977	1266	495	495
2490	1266	137	137
2384	2213	363	363
1838	2658	134	0
408	304	299	0
591	236	79	0
2659	1838	135	0
2660	918	153	153
918	1611	573	0
2044	55	171	0
2061	1503	531	0
2180	2535	396	396
624	1054	929	929
758	714	477	477
778	2545	113	0
2507	2506	356	356
2506	2505	201	201
2505	348	313	0
2545	778	114	0
741	724	374	0
724	704	222	0
584	2661	682	0
2662	1404	342	342
2246	2082	429	0
2082	2663	663	663
1794	378	209	0
2374	2539	428	428
2664	1227	595	0
987	1900	212	0
2665	2488	323	0
444	442	489	489
442	463	235	235
2666	2567	69	69
768	353	401	401
2567	2666	68	68
2666	2667	108	108
2667	2668	268	0
2669	2670	60	0
2671	2065	1045	0
1299	2671	70	70
2671	1299	70	0
2672	2076	494	494
2673	2573	274	274
2674	2675	627	627
2675	2676	82	0
2677	1430	1400	0
1894	628	279	279
1337	1336	160	0
2676	2588	405	0
2475	1591	112	112
1612	2630	200	200
2630	1551	348	0
1551	1077	233	233
1077	988	781	0
988	1078	804	0
1181	172	569	569
172	201	656	0
2678	346	208	0
2679	348	591	591
1228	1227	1082	0
2680	2569	215	215
905	2578	103	103
2681	2682	352	352
1590	2601	1107	0
1357	2664	300	300
2683	1745	491	491
2684	1842	428	428
1842	1765	448	448
1765	2685	1469	0
1543	1273	585	585
2486	1543	583	0
782	2686	114	114
2318	574	1824	1824
1586	126	617	0
126	2504	577	577
1405	2575	73	73
1335	2064	307	0
1184	2687	93	0
956	762	685	685
956	1769	565	0
1769	2516	187	187
2688	679	705	0
679	1029	665	665
778	2689	258	258
903	2690	293	293
2483	2691	238	238
294	2692	287	0
2692	2693	175	0
76	2694	2208	2208
123	1140	1800	0
1140	76	518	518
2284	2604	453	0
1973	2654	659	0
2695	1785	136	0
1785	75	110	0
75	1875	53	0
1875	2482	447	447
2223	2696	558	0
2557	699	137	0
1287	2364	584	584
2364	2524	235	0
2524	2074	249	0
2654	1973	659	0
1974	2492	147	147
2697	1245	590	590
1245	1308	636	636
1308	2698	1088	1088
648	2219	2396	0
485	1962	331	0
2699	640	108	108
1535	1850	599	599
1750	542	215	215
1580	1607	262	262
1607	2505	290	0
2505	1021	495	0
1021	2700	534	534
2700	264	211	211
1122	2701	607	0
2332	2702	219	219
2702	2633	56	56
2703	797	207	207
265	2704	249	249
2634	2703	252	252
2403	1594	78	0
2705	2706	347	347
2706	2707	293	0
2707	1563	294	0
1563	2708	52	0
2708	2623	295	0
2245	2701	223	0
2701	2624	347	347
2624	2618	299	299
921	923	201	201
1126	337	489	489
2572	1485	54	54
2691	570	542	0
2605	2709	293	0
780	2022	496	496
2022	2010	97	97
2010	68	100	100
68	675	261	0
62	2404	104	104
2388	2710	396	396
264	1021	734	0
1021	2505	495	0
2505	1607	289	0
1607	1580	263	0
2710	2022	100	0
68	756	289	0
2344	1387	506	0
514	1616	488	0
1121	2624	578	0
2624	2711	652	0
2625	1705	659	659
1595	1598	653	0
231	587	147	147
1123	1122	214	0
1122	1121	345	345
1121	1120	296	0
2712	2379	1072	0
2706	2667	252	0
2713	2583	68	68
2403	2714	108	0
473	2515	868	0
641	2715	494	494
2715	70	262	0
70	1220	160	160
2715	2489	474	474
390	206	351	351
493	2572	104	104
2716	884	747	747
884	883	396	0
883	2603	978	978
2603	882	246	0
2707	2668	274	274
2668	538	413	0
76	2717	210	0
1468	1869	520	0
76	864	766	0
2583	76	213	213
2694	123	63	0
1105	1614	339	0
1614	2718	336	0
2719	1614	336	0
1614	1105	346	0
2506	1608	248	0
1608	1581	300	0
2466	2691	102	0
2691	152	368	0
1718	1346	190	190
2511	1958	131	131
1485	672	56	56
2572	493	103	103
2499	2720	437	0
513	1309	95	0
1128	2721	118	118
1128	2722	365	365
1093	2711	116	0
2711	2723	218	0
2018	2155	1074	1074
1595	2714	113	0
2714	2631	202	0
2631	192	139	139
2155	2724	394	0
1643	2725	102	102
59	2726	125	0
2726	2328	309	0
2580	2566	212	0
2566	539	456	0
2727	1274	499	499
1037	1230	247	247
777	777	57	0
2509	1092	204	204
539	2566	457	457
2566	2705	212	0
2728	692	398	0
692	84	391	0
2729	2510	216	216
2730	2392	123	0
151	2731	406	0
2731	2221	358	358
2221	2269	174	174
1706	2711	147	147
2711	2732	234	0
2733	2209	491	0
2209	513	608	0
693	1480	526	0
1480	1541	514	514
1541	1027	486	0
1309	1246	616	616
1246	2734	491	491
2735	1573	385	0
1573	845	475	475
845	2736	1508	0
2723	2707	98	98
367	2444	667	667
2732	2707	74	74
1047	1364	138	138
1300	2729	307	0
513	2737	706	706
817	1735	644	644
2725	1649	394	0
2636	2702	121	0
2334	1865	375	0
2738	987	72	0
191	1660	284	284
134	2698	204	0
2698	1642	421	421
2737	2738	87	87
99	2144	187	0
596	585	1129	1129
2299	2731	370	0
2350	2739	365	0
2731	2299	363	0
691	702	404	404
702	259	534	534
2262	2442	144	0
2740	375	440	0
1972	421	186	0
2741	950	487	0
2742	265	1015	0
2270	1627	532	0
1627	2743	2284	0
1048	2744	1248	1248
2745	2314	136	136
2593	998	462	462
878	2739	421	0
2746	398	137	0
398	2592	486	0
1006	2747	276	276
2130	2681	137	137
301	2440	307	307
2268	737	592	0
737	1508	754	754
1508	2465	648	0
1698	2742	302	0
491	2748	338	0
2749	2007	284	284
2007	1916	189	0
2750	926	305	305
926	1271	334	334
1271	1984	184	0
1984	802	128	128
1310	2386	815	0
2349	537	397	0
537	813	600	0
2751	1699	243	0
1699	1152	238	0
1152	507	232	0
507	1663	331	331
1663	1767	56	0
1767	1787	52	0
1787	1161	285	0
2752	927	355	0
1943	2753	94	0
737	2754	155	155
1944	2096	51	0
2675	2755	159	0
2756	737	147	147
1508	2405	602	0
2096	1944	51	0
2754	1508	599	599
2092	2756	607	607
1508	1507	778	778
1507	1506	333	0
2757	2339	108	0
2748	1321	713	0
2700	16	856	0
2758	1119	162	0
1720	2480	229	229
2759	561	151	151
963	1044	1526	1526
2258	2255	412	412
2670	2672	120	120
2493	2491	107	0
1360	159	419	419
2760	818	558	0
2243	2334	164	164
1527	1525	305	305
1406	1407	275	0
1084	795	129	129
2761	2762	152	0
1457	2088	80	80
2088	1272	105	0
1272	927	337	0
927	2763	307	0
1866	925	72	0
2764	1101	123	123
1101	2249	270	270
2765	2766	108	108
2762	706	148	148
1436	1939	50	0
602	2759	555	0
1609	2507	247	247
2507	1409	280	280
1701	2182	400	0
2767	56	82	82
2768	1335	165	0
740	2126	242	0
2766	724	346	0
2769	2770	249	249
2770	541	550	550
108	360	578	0
378	2419	307	307
2419	2662	196	196
1461	933	348	348
933	2771	397	0
2771	2765	304	0
2772	1757	111	111
121	2773	1599	1599
1911	2774	113	0
1281	2124	283	0
2124	1250	259	259
1250	2118	402	0
2118	2122	634	634
1757	1754	286	0
2774	2689	113	0
2775	864	77	0
1052	489	513	513
2776	1232	399	399
745	2776	266	0
649	2406	738	0
2406	2777	684	0
2778	1387	280	280
831	459	250	0
459	1187	141	0
1187	1234	117	117
1234	2038	278	0
2038	1242	119	119
1242	2494	50	0
2771	326	335	335
343	359	216	216
2779	2709	52	52
2500	1312	231	0
1561	213	373	373
221	96	1109	1109
1129	68	179	179
2722	2780	560	560
2329	2722	448	448
2781	2683	511	0
67	58	202	202
1045	1780	201	201
2163	1874	308	0
158	1965	1065	0
1109	980	76	76
980	258	509	509
2455	1521	231	231
687	586	1114	0
2722	2726	599	0
2721	68	490	490
2562	2546	128	0
2329	2782	386	0
123	20	191	191
20	2146	160	0
68	67	958	0
2783	2784	52	52
1408	2254	430	430
864	1656	78	0
85	844	865	865
844	731	485	0
731	2769	1761	0
2784	2712	69	69
2540	2785	69	69
2693	182	870	870
617	922	171	171
937	212	682	682
81	2730	68	68
2786	2622	6827	6827
2622	1676	754	754
1676	657	1496	0
657	2413	608	608
2413	2787	593	593
1635	1545	74	0
2049	2240	149	149
1781	2257	688	688
590	597	50	50
728	2788	105	105
2787	2688	104	104
354	2613	281	0
2613	2789	173	0
2790	1255	51	0
2791	2761	78	78
2792	2793	351	351
2793	2101	693	0
2101	1417	197	0
1417	1385	204	204
1385	2757	132	0
2757	2120	165	0
2120	2641	2150	2150
2641	2003	191	0
2003	2794	154	154
2795	584	684	684
1450	584	787	787
937	2796	188	188
2172	2364	485	485
2364	2797	315	0
2797	1287	269	0
266	2704	56	0
2704	437	387	387
437	1249	396	396
997	2438	573	573
1075	2753	162	162
2798	2799	68	0
12	46	511	511
809	2388	724	0
1583	1582	304	0
46	35	173	173
1583	2800	68	68
2800	2801	244	0
2530	2185	377	377
2185	2802	511	511
2796	1804	262	262
2129	2746	470	0
1930	2226	103	0
2799	1860	426	426
2206	2169	204	204
2682	2373	343	0
1957	2665	142	142
922	1922	260	0
2803	1143	255	255
1143	1613	632	0
1613	284	1687	1687
2803	2587	161	161
2804	1471	59	0
1471	2803	100	100
119	2805	106	0
2550	2516	211	211
2516	1790	495	0
809	779	570	0
2043	44	769	0
44	969	304	304
969	1885	580	0
1885	2806	558	558
2790	1318	100	100
1201	2017	369	0
898	1861	1020	1020
1861	2219	773	0
1198	2807	317	0
1017	2808	51	51
2808	1504	95	95
2420	2809	52	52
1566	1582	376	0
1582	1609	268	0
1256	1358	359	359
584	2793	1145	1145
1772	2810	463	0
1871	1583	67	0
2809	1633	291	0
812	2811	91	91
269	2615	267	0
142	1196	421	0
1196	255	151	0
1522	836	571	571
1914	2764	362	362
843	1470	2472	2472
1845	2812	81	0
894	492	322	0
2736	845	1509	0
845	1573	475	475
1573	2813	386	0
2804	2814	772	772
2814	846	2125	2125
2815	2512	496	496
2555	342	122	122
2650	342	125	0
2554	121	56	0
1429	2760	81	0
2816	1926	212	0
1058	1833	288	288
2212	2219	106	106
2219	1449	559	0
2202	2817	198	0
2747	2612	155	155
1819	1239	659	659
2779	2087	169	0
2087	74	160	0
597	2779	74	0
2763	2750	316	316
2750	2818	401	0
1912	2669	54	54
142	325	598	0
325	2256	546	0
2819	1448	267	0
899	2565	182	182
2504	141	593	0
2017	2019	235	235
1207	1224	92	0
END