NAME: Beijing-6
VERTICES: 2820
DEPOT: 0
REQUIRED EDGES: 2151
NON-REQUIRED EDGES: 1433
VEHICLES: 36
CAPACITY: 25000
TOTAL COST OF REQUIRED EDGES: 883261
NODES	COST	DEMAND
0	1	437	0
1	2	194	0
3	4	197	197
5	6	209	209
7	8	296	296
9	10	695	695
11	12	257	0
13	14	57	0
15	16	89	89
16	17	546	546
18	19	250	250
20	21	2140	2140
22	23	344	0
24	25	569	569
26	27	87	0
28	29	791	0
29	30	264	264
31	32	674	0
32	33	441	0
34	0	118	0
35	36	60	60
37	38	181	0
39	40	198	198
41	42	481	481
43	44	294	0
44	45	471	471
46	29	427	427
29	47	659	659
48	49	214	214
50	51	287	0
51	52	158	158
53	54	684	684
55	53	69	69
30	29	264	264
29	28	790	790
56	57	185	0
58	59	277	277
60	61	125	0
61	62	932	0
63	64	981	0
65	66	224	0
67	68	957	0
69	70	364	364
70	51	433	0
71	72	62	0
72	73	2006	0
74	75	164	0
76	77	344	0
78	79	94	94
80	81	167	167
82	83	89	89
84	85	269	269
86	84	192	192
87	88	334	334
88	86	521	0
86	89	170	0
89	85	296	0
90	91	66	0
91	92	202	202
93	94	62	62
94	95	476	0
96	97	491	0
98	99	302	302
100	101	84	84
102	103	213	213
104	105	170	0
106	107	388	388
107	108	4119	4119
109	110	53	0
111	80	56	0
112	100	94	94
113	90	290	0
114	115	224	224
115	116	257	257
116	117	130	130
117	118	269	269
118	119	686	0
120	121	266	266
122	123	954	954
123	124	317	0
125	126	236	236
127	128	134	134
129	130	237	0
131	132	212	212
133	134	1115	1115
134	135	359	0
136	137	462	0
138	139	180	0
139	140	58	58
132	141	593	593
139	142	347	0
143	144	167	167
145	146	183	183
147	148	120	120
149	150	790	790
150	151	603	603
144	152	59	59
153	154	479	479
148	155	271	271
156	157	216	0
8	158	1111	0
159	160	197	197
160	161	498	498
162	163	1112	1112
164	165	78	78
166	167	950	950
168	166	417	417
169	143	184	184
170	145	167	167
171	172	652	0
172	138	572	0
173	174	796	0
175	176	859	859
176	177	152	152
177	178	344	0
178	179	218	218
179	180	896	896
180	181	143	143
182	183	339	0
184	171	298	298
185	186	496	496
187	188	265	0
188	189	594	594
190	191	309	309
192	193	247	247
194	195	197	0
196	197	52	52
197	198	182	0
198	199	56	56
199	200	520	0
201	202	298	298
203	173	781	781
204	205	865	865
206	207	519	519
208	209	317	317
210	211	1054	1054
212	213	423	423
214	215	96	96
215	198	509	509
198	216	78	78
216	217	681	0
218	219	804	0
219	220	338	338
68	221	299	0
221	222	550	550
223	224	340	340
225	226	525	525
226	227	51	51
15	17	624	624
228	229	248	248
230	228	424	0
195	231	72	72
232	233	156	156
233	234	136	136
235	236	172	172
236	237	880	880
238	239	518	0
240	241	534	534
242	243	243	243
244	245	88	88
246	247	447	447
247	248	743	743
249	250	269	269
251	252	56	56
253	254	291	291
255	246	180	180
252	256	316	316
256	257	379	0
257	258	215	215
259	260	331	0
261	262	402	0
263	264	520	520
265	266	189	189
264	267	1045	1045
248	247	742	0
247	268	446	0
269	270	204	0
270	271	185	185
272	273	304	0
274	275	277	0
276	277	464	0
278	279	461	461
280	281	528	528
282	283	533	533
283	284	528	528
285	286	50	0
287	288	486	486
68	289	174	0
289	290	327	0
290	291	181	0
291	292	347	0
241	293	139	139
293	294	166	0
295	285	52	52
249	296	199	199
297	298	400	400
249	299	215	215
300	301	307	0
302	303	57	0
304	208	542	542
305	196	802	0
306	307	183	183
308	309	180	0
310	311	169	169
312	313	288	288
314	315	765	0
315	316	53	53
317	318	326	326
284	319	693	0
320	206	781	0
321	322	280	0
323	324	796	796
324	325	358	0
326	327	305	0
328	329	694	694
329	330	108	0
331	298	52	52
298	332	602	602
332	333	498	498
334	335	374	374
329	336	55	55
337	338	101	101
339	329	56	56
340	341	448	0
323	341	251	0
342	121	266	0
343	103	79	0
130	344	211	211
344	345	221	0
346	129	363	363
126	131	363	363
347	348	590	590
349	125	211	211
342	350	65	0
351	317	1061	1061
317	352	737	737
353	354	359	359
355	356	273	0
356	317	720	720
357	358	592	592
359	107	384	0
107	360	4704	4704
361	362	170	170
363	357	170	170
189	364	97	0
365	366	414	0
366	367	257	257
367	368	93	93
369	370	292	292
370	371	187	187
371	372	223	223
373	374	801	801
374	365	698	698
375	376	767	767
251	377	163	0
378	379	855	855
380	381	1082	0
381	382	354	354
382	383	359	0
384	307	514	0
307	385	509	0
386	387	321	321
388	389	374	374
206	390	342	342
390	391	416	0
392	393	135	135
393	394	816	816
394	395	104	104
395	396	328	0
396	397	459	459
398	399	178	178
399	400	78	0
400	401	306	0
402	335	176	176
335	403	316	0
404	405	72	72
406	407	70	0
364	408	710	710
77	409	603	603
408	410	288	288
411	412	336	0
412	413	415	415
413	414	1489	1489
414	415	394	0
416	417	379	379
418	208	169	169
419	420	763	763
421	244	111	111
422	423	321	0
423	424	67	0
424	423	67	67
425	426	892	892
427	428	288	288
429	430	505	0
431	432	568	568
265	433	775	775
433	155	70	70
434	435	92	0
436	437	391	391
437	438	342	0
438	439	89	0
440	441	143	143
442	443	155	155
443	444	332	0
245	445	72	0
446	447	218	218
447	448	118	118
448	449	153	0
449	450	149	0
451	405	273	0
452	453	75	0
453	454	430	0
454	455	1061	1061
455	456	986	0
457	458	139	0
459	460	113	0
461	462	181	0
463	464	207	207
465	466	639	639
466	467	620	620
468	469	70	0
470	471	289	0
472	473	426	0
474	470	289	289
475	474	55	55
417	476	165	0
477	478	2806	2806
462	479	414	414
480	481	835	835
482	483	350	0
483	484	348	0
484	485	261	0
486	487	301	301
487	488	212	212
489	462	240	0
490	491	248	0
492	482	448	448
493	494	449	449
495	496	370	0
497	498	57	57
498	499	63	0
499	500	725	725
500	501	365	365
202	502	653	653
503	504	285	0
505	506	126	126
506	507	225	0
508	509	88	88
509	510	663	663
511	512	102	0
513	514	894	0
514	194	166	166
515	516	50	50
517	518	611	611
519	520	1013	1013
521	522	311	0
523	156	81	81
524	525	117	117
525	526	234	234
526	527	165	0
528	529	576	0
529	530	185	0
530	290	427	427
528	531	429	0
531	532	62	0
533	534	506	506
535	536	439	0
537	475	397	397
538	539	642	642
539	540	524	524
540	293	838	0
541	175	284	284
542	543	688	0
544	545	365	0
545	546	412	0
546	547	324	0
161	548	212	212
548	549	669	0
550	551	53	53
552	553	486	486
553	554	864	864
554	555	60	60
556	230	316	0
557	558	112	112
558	559	416	416
560	561	435	435
562	563	86	86
564	565	1141	1141
566	211	668	0
567	568	451	0
568	569	398	398
570	571	386	386
571	572	120	120
572	573	131	0
574	575	109	0
563	576	329	329
577	578	775	0
578	579	291	291
580	581	415	415
582	583	403	403
583	584	604	604
585	586	501	0
587	588	91	91
589	590	1083	0
236	591	82	82
592	593	243	243
593	594	175	0
409	595	824	0
596	597	87	0
598	593	274	274
593	599	217	217
409	600	598	598
601	602	74	74
603	465	84	84
604	598	349	349
605	592	433	433
212	606	522	522
607	608	278	278
609	610	348	348
611	612	397	397
612	545	471	471
545	613	486	0
614	615	295	295
609	616	93	93
617	618	95	95
619	620	77	77
621	622	148	148
622	623	155	155
623	624	244	244
624	625	84	0
626	627	172	172
628	629	172	172
620	619	66	66
630	631	795	0
141	632	433	433
633	634	126	126
635	636	422	422
637	638	409	409
638	639	388	388
445	451	571	571
640	641	504	504
641	642	343	343
643	644	100	0
645	646	1440	1440
646	647	355	355
647	648	766	0
648	649	160	0
644	643	107	0
643	650	542	0
650	651	900	0
445	652	241	241
652	653	190	0
653	512	67	67
654	160	411	411
644	655	634	0
656	657	160	160
658	659	513	513
660	661	513	513
661	662	136	0
662	663	251	251
664	665	522	522
286	358	560	560
358	666	1099	1099
667	668	584	0
669	670	745	745
671	312	190	0
312	672	159	159
673	674	514	0
675	676	890	890
158	28	676	0
28	11	428	428
650	677	506	0
678	679	594	0
679	680	1635	1635
680	508	253	253
508	681	535	535
682	683	287	0
353	684	204	204
684	685	539	539
629	686	394	394
586	687	1114	0
627	688	279	0
689	519	307	0
690	691	261	0
88	692	662	0
692	41	1466	1466
693	694	277	277
695	696	320	0
696	350	1284	0
350	697	655	655
342	698	4828	0
698	425	469	469
699	700	589	589
701	702	917	0
702	703	52	0
704	705	349	349
705	706	442	442
707	704	956	0
708	709	132	0
710	711	461	461
712	298	181	181
298	713	454	0
297	712	216	216
645	707	1092	1092
714	715	128	128
708	716	133	133
203	717	428	428
291	718	58	58
718	719	250	0
720	721	521	0
722	723	445	445
723	724	334	334
725	726	532	0
158	727	558	558
724	723	345	345
723	728	269	0
727	158	559	559
729	730	359	0
731	732	527	527
733	734	1168	0
735	736	64	0
737	738	778	0
738	739	330	330
724	740	116	0
740	741	273	273
742	743	406	0
744	745	670	0
746	747	313	0
747	742	283	283
748	749	267	267
749	750	404	404
430	751	803	803
269	752	56	56
715	753	868	868
753	754	673	673
752	755	182	0
307	158	759	759
756	757	319	319
757	676	544	0
758	759	89	0
372	760	165	165
761	626	263	263
762	763	511	0
764	472	599	0
472	765	808	808
766	490	157	157
759	767	253	0
767	768	731	0
768	769	445	445
770	771	201	0
772	210	454	454
210	773	720	720
773	774	253	253
775	696	1467	0
472	776	2953	2953
777	778	553	553
779	780	149	149
222	781	194	194
348	129	569	0
129	782	622	622
783	784	342	0
785	786	82	0
787	788	130	130
789	790	517	0
791	792	258	258
793	794	337	337
795	796	211	211
265	797	570	570
797	798	169	169
794	799	245	0
800	801	152	0
721	802	107	107
802	803	297	297
356	804	611	611
97	805	301	0
806	807	372	372
808	809	108	0
810	811	672	672
812	542	1038	1038
495	813	359	359
813	746	524	524
814	815	704	704
816	817	61	0
818	789	128	128
763	819	582	0
819	820	571	0
821	822	206	0
823	824	181	0
824	825	76	76
825	388	123	0
258	826	554	554
827	828	513	513
829	830	274	0
831	832	118	0
832	833	401	0
834	835	1194	1194
165	836	142	142
836	837	431	0
838	839	129	0
840	841	374	374
842	843	64	64
844	41	322	322
41	845	407	407
845	846	842	0
846	842	463	463
842	847	300	0
847	848	803	803
848	849	416	416
849	850	656	656
851	852	148	148
853	854	83	83
855	853	64	64
856	857	73	73
858	859	721	721
859	860	234	0
861	232	53	0
862	150	597	597
150	863	767	0
862	737	593	593
864	21	377	0
21	76	351	351
865	682	471	471
866	867	752	0
867	849	518	518
666	414	745	745
837	868	132	0
869	849	1842	1842
849	843	1527	0
716	708	133	133
870	871	452	452
765	869	535	535
386	872	91	0
873	765	606	0
689	874	451	451
875	876	118	118
877	878	50	0
420	727	246	246
743	879	170	170
879	742	235	235
742	747	282	282
747	746	320	320
880	881	741	0
882	883	1225	1225
883	884	399	399
884	885	741	0
480	886	962	0
886	477	176	176
620	887	870	870
743	888	170	0
889	890	1054	0
890	395	245	245
395	339	188	188
298	891	363	0
892	893	184	184
755	894	159	0
895	896	356	0
897	898	394	0
898	895	420	0
896	899	151	151
900	901	242	242
901	902	506	506
160	903	232	232
904	905	403	0
906	904	137	0
484	758	361	0
907	901	243	0
908	909	102	0
298	910	52	52
911	912	309	309
913	914	84	84
915	916	245	245
916	917	253	0
918	919	120	120
920	511	95	0
919	445	65	0
921	922	586	586
923	618	91	0
618	617	95	95
377	924	166	0
813	537	600	600
925	470	453	453
470	926	596	596
926	927	319	0
881	928	302	0
929	660	1291	0
660	930	149	0
931	927	307	0
927	770	448	0
770	932	76	76
352	317	738	0
317	351	1066	0
933	262	454	454
924	934	55	55
711	935	578	578
936	937	317	317
711	938	361	0
559	557	529	0
939	940	700	700
940	941	521	0
942	943	77	77
943	944	121	0
945	946	257	257
947	945	419	419
948	603	387	0
603	947	199	199
949	950	490	0
950	297	615	615
297	951	56	0
952	953	508	0
932	954	130	0
264	263	519	519
955	956	505	0
956	957	302	0
958	940	740	0
940	959	178	178
960	948	66	66
956	955	504	0
953	961	206	206
962	793	140	0
799	963	160	0
335	964	148	148
965	942	56	56
966	967	1107	0
968	969	466	466
969	970	730	0
971	276	200	200
972	973	316	316
974	975	274	274
186	976	376	376
977	978	740	740
979	980	629	0
981	982	152	0
260	971	204	0
983	78	452	452
154	984	147	147
888	985	195	195
986	984	147	147
65	987	1074	0
988	989	503	0
990	991	273	0
992	993	153	153
640	185	129	129
994	995	75	75
996	997	396	396
468	591	145	0
998	999	153	0
1000	1001	364	0
1001	1002	108	108
1002	1003	244	0
1003	1004	282	282
1005	1006	122	122
1007	1008	1242	1242
1009	1010	424	424
1011	1012	254	0
1013	1014	135	0
1015	1009	357	0
1016	1017	119	119
1018	45	729	729
1019	1020	348	348
17	1021	629	629
1021	1022	328	0
1022	1023	200	0
1024	904	428	0
1025	1026	199	199
1027	1028	1008	0
1028	1029	550	550
1029	678	588	588
678	1030	914	0
236	1031	882	882
591	1007	143	143
1032	1033	188	0
1034	897	578	578
1035	1036	91	91
1036	1037	277	0
1038	1039	91	0
911	1040	73	0
1039	1041	316	0
1042	1043	240	240
1044	1045	260	260
1046	1047	198	198
1047	1048	133	0
1049	1050	529	529
561	711	111	111
1051	966	356	0
401	1052	438	438
935	1053	239	239
519	1054	287	287
736	236	884	884
236	1055	258	258
351	377	80	80
237	733	65	0
1027	906	1942	1942
1056	906	430	430
1057	167	406	406
167	1058	217	217
1059	766	1527	1527
1050	966	434	434
1060	856	133	0
856	1061	77	77
1062	424	370	370
1063	1064	142	0
1065	639	747	0
1066	1067	166	166
1068	1064	325	0
1069	1070	176	176
1070	880	198	198
880	720	465	465
1064	1071	154	154
1072	1073	292	0
1073	1063	234	0
1074	1075	265	0
1067	1076	1030	1030
179	1077	283	0
1077	1078	614	614
1078	114	1008	0
1079	1074	298	298
372	1064	401	0
1080	1081	165	0
1082	1083	394	0
1083	1084	431	431
1085	1086	1278	0
454	1025	477	477
1087	1088	293	293
595	409	820	0
1088	1089	433	0
1090	1091	265	265
1092	1093	99	99
595	1094	606	0
1095	1001	160	0
1001	1064	189	0
1064	372	395	0
1096	1065	492	492
1065	1097	493	0
1098	1087	230	230
1099	1100	228	228
1101	1102	368	368
1103	1095	364	0
1095	1104	365	365
867	1105	1507	0
1094	595	605	605
1106	1107	63	0
1108	1109	150	150
51	70	433	433
70	69	367	367
995	889	553	553
1110	1111	242	0
1111	421	50	50
536	1112	342	0
1112	1113	204	0
1114	1115	89	89
1114	1116	51	0
1116	1117	242	242
1118	1119	186	0
1120	1121	296	296
1121	1122	345	0
1122	1123	214	214
1124	1125	149	0
1125	1126	218	0
1127	1128	530	530
1128	1129	429	429
676	528	526	0
1130	1131	407	0
1132	1128	528	528
957	940	178	178
940	1133	741	741
959	956	302	0
1134	763	669	669
1135	1136	101	101
1137	1138	221	0
1138	1139	505	0
1140	409	340	340
1136	1141	131	0
1142	1143	822	822
397	1144	81	81
1103	1000	189	189
1000	1068	156	0
1145	1146	405	0
220	795	267	267
1147	1148	423	0
1148	247	320	320
247	1145	284	284
1145	1149	160	160
383	1150	677	677
909	1151	96	96
525	1152	389	389
1153	1154	181	181
1154	1155	527	0
1155	1154	526	526
1154	1153	179	0
1156	249	170	0
299	1149	204	0
1153	1146	373	373
1146	1157	286	286
1109	1158	86	86
1158	979	549	549
1159	21	370	370
314	1160	926	926
314	783	55	0
783	1161	1320	1320
820	1162	70	70
1163	316	206	206
1163	1164	131	0
1164	261	311	311
261	1165	718	0
316	1163	205	205
1166	1167	91	91
1168	1169	721	0
1170	917	227	227
917	1171	253	0
1172	509	254	254
1173	1174	84	84
1174	666	1415	0
1175	1176	515	0
412	915	339	0
1177	1178	103	103
1170	1179	220	220
1179	1180	200	200
632	139	346	0
139	1181	180	0
1182	1183	462	462
1183	972	221	221
1184	1185	101	101
1186	1187	106	0
299	1188	199	199
1189	299	304	304
299	1189	303	0
142	1190	88	0
121	1191	73	73
1191	343	86	86
593	1192	346	0
1193	1194	298	298
1195	1196	57	0
1197	1198	316	316
1199	1200	454	454
1200	1201	1321	1321
1202	1203	127	0
1203	1204	459	0
52	1205	60	60
700	939	124	0
1206	51	172	0
51	352	598	598
352	1207	347	0
1208	1209	705	705
1071	1068	171	171
1064	1001	191	0
1001	1095	160	160
1210	1211	910	910
1211	71	882	882
71	1212	905	0
1213	1208	149	149
1209	1214	582	582
1086	282	959	959
282	1215	786	0
1215	1216	225	225
1216	1212	147	147
879	1217	364	364
1218	1219	399	399
1220	1221	70	0
1221	390	544	544
1222	48	90	90
522	1223	354	354
1224	1225	171	0
1223	1207	154	154
1226	1222	348	0
1227	1228	1083	1083
1229	396	244	244
1230	521	447	0
1231	1232	406	406
1233	890	104	0
1234	450	274	0
450	1235	203	203
1236	1237	1532	0
1238	1239	621	0
1239	1240	160	160
1232	1241	68	68
1242	447	169	0
447	1243	254	0
832	1244	100	100
1244	460	148	148
460	1186	135	135
1245	1246	391	0
1244	1247	433	433
1248	1038	524	524
49	1248	447	0
1249	1250	467	0
1250	819	488	488
1251	1252	218	218
1252	1253	112	112
1205	391	651	651
391	1254	299	0
1255	1256	527	527
224	1257	131	131
1257	611	330	0
1258	1259	591	591
1260	1261	146	146
1262	1263	176	176
1264	1265	64	64
1266	978	245	245
1267	33	419	419
33	1268	357	357
1269	851	1404	1404
851	979	561	0
979	1270	635	0
1271	1272	322	0
1273	1274	616	0
1275	1276	100	0
1276	1277	51	51
1278	1279	629	629
1280	1281	147	0
1281	1280	100	100
1252	1282	243	0
1283	1284	210	210
1209	1273	821	0
1285	1286	602	0
1287	1288	74	74
1281	1289	105	105
1289	814	363	0
1290	1281	58	58
1291	1292	266	0
1292	1193	670	670
1293	1294	647	647
213	56	195	195
1294	1295	656	656
367	1296	119	119
763	1297	661	0
1298	1299	408	0
1299	1300	273	0
1301	1291	149	0
1119	1302	124	0
1303	1304	507	0
1304	1305	117	117
1305	1306	105	105
1307	133	1259	1259
133	1308	220	220
1308	1309	365	365
1068	1310	439	439
1311	1049	372	372
760	1310	132	0
1312	1313	876	876
1314	1315	254	254
1315	1316	447	447
1317	60	150	150
1318	1319	641	641
1320	290	529	529
290	68	501	501
1321	1322	205	205
1323	1324	143	0
1325	962	573	573
1326	1327	137	137
1327	1328	204	0
631	1325	204	204
1322	1329	795	0
428	1327	213	213
1327	1330	230	0
220	1331	564	0
1331	1080	393	0
1332	157	205	205
1333	792	886	886
1334	1281	50	0
313	229	423	423
229	1335	187	187
1335	911	76	76
1336	1337	160	160
651	205	102	0
205	1338	107	107
1338	1339	194	0
1340	1149	744	0
1341	206	133	133
807	206	133	133
206	1342	731	731
1343	1344	588	0
1344	1182	416	0
1182	1345	92	92
1346	545	736	736
545	548	407	407
1347	1200	1323	1323
1200	1348	456	456
1349	1350	143	0
1351	1352	496	0
31	1353	560	0
1354	1355	179	0
811	37	78	0
37	892	194	194
6	1356	103	0
834	1228	764	0
1228	1214	819	0
934	256	316	0
1214	1357	1117	0
33	1358	554	554
613	545	486	486
545	1359	458	458
1359	654	236	236
654	1360	175	175
1361	1362	148	148
573	1349	50	0
1363	1008	144	0
1311	619	707	0
1364	1311	58	58
1365	1366	156	0
910	1367	53	0
1368	810	237	237
1259	1369	146	0
1369	499	737	737
1370	1371	316	0
1372	1336	452	452
1373	1374	369	369
1375	1376	568	568
1377	1378	245	245
1379	1380	75	75
1381	1382	653	653
1383	1384	178	178
746	1385	643	0
1386	263	532	532
263	828	426	426
828	1387	185	0
1387	1388	283	283
367	1389	981	981
1389	1390	674	0
157	1391	311	0
1391	1392	169	169
1393	1394	441	0
1395	1396	496	496
1395	78	133	0
1296	1381	309	309
839	840	82	82
1397	263	455	455
1398	1088	864	0
555	1399	825	825
1399	1400	431	0
1400	1401	379	0
1401	1402	1727	0
1403	1103	600	0
1404	1405	84	84
993	1406	181	0
1407	1408	77	77
1240	200	72	72
200	217	1052	0
217	1324	122	0
1409	1410	181	181
1023	1386	164	164
1031	1411	64	64
1411	1412	1400	0
1413	970	951	0
601	1414	287	287
1415	1416	198	0
1416	647	304	0
1417	746	629	629
1138	624	801	801
717	1418	216	0
1419	1387	96	96
1387	1420	93	93
1401	1421	290	0
211	566	668	0
1422	1401	779	0
1401	1400	379	379
1400	1423	425	0
1423	1057	840	0
1424	1425	207	0
1425	1426	141	141
1427	1428	211	211
1429	699	354	354
1430	1431	64	64
1431	236	883	883
236	1432	255	0
1433	1401	306	306
1427	1434	207	207
831	1435	426	426
263	1234	75	75
1234	1436	422	422
1387	1437	111	0
1438	43	437	437
1439	1440	206	206
1440	1441	128	0
1441	1442	134	134
716	1137	315	315
1443	1439	304	0
1444	1445	178	178
1446	1447	692	0
1448	1168	398	398
1168	118	122	122
118	117	270	270
117	431	612	612
1449	1450	400	400
1450	1451	117	117
1309	513	103	103
1452	1453	491	491
1453	1314	223	0
1283	219	964	0
219	1454	903	0
1455	1065	472	472
1456	1457	332	332
1458	382	284	284
1459	1460	703	0
1164	1150	252	252
1150	381	298	298
381	1461	332	0
1462	546	514	514
1463	787	223	0
1464	1465	746	746
833	832	400	0
832	831	118	118
424	1454	303	0
1454	1333	281	281
1466	120	801	801
982	1467	189	189
1012	1016	218	218
238	1468	392	392
639	670	409	409
670	1469	316	0
1470	1471	531	0
1472	1473	1468	1468
407	1474	451	451
1475	835	74	74
835	1476	139	0
1477	36	60	0
1478	150	767	767
150	862	603	603
1479	109	313	0
1480	1481	1363	1363
1481	1482	216	216
1483	214	734	734
1484	1485	190	190
281	1483	62	62
1486	66	451	0
66	513	886	0
280	1487	444	444
36	1488	99	0
1489	1490	118	0
1491	1492	118	118
1384	1489	535	0
1490	1493	268	0
1494	1383	400	0
1495	1496	53	53
1445	1497	414	0
1498	1365	260	260
1492	1444	534	534
1499	1500	892	892
1501	362	144	0
1502	1503	783	783
1504	1505	179	179
1506	1507	333	333
1507	1508	778	0
1473	1509	922	922
1499	1510	453	0
1510	1511	1197	1197
1512	1513	806	806
1513	1514	429	429
1514	1515	646	646
781	96	367	0
1516	22	852	852
1517	1518	398	0
1519	39	307	307
571	1520	254	254
1521	1522	381	0
1522	1523	656	0
1523	1524	505	0
1525	82	1406	0
1526	1527	200	200
713	1528	590	0
1529	1486	286	286
1530	1531	671	0
1532	233	97	0
40	1533	896	896
817	1534	212	0
1139	1535	215	215
1536	377	884	884
377	861	182	182
1240	1537	882	882
1538	1530	283	283
1405	26	85	0
1539	1540	74	0
279	1541	2190	0
1117	1542	71	71
713	298	463	463
1214	1543	819	0
1543	651	765	765
1544	1213	237	237
1545	112	94	0
557	1474	370	370
1474	1546	272	272
1546	1547	161	0
101	1519	1407	1407
1548	1549	232	232
1549	1550	563	563
178	1551	242	0
1552	1553	448	448
557	1290	596	0
1554	1555	823	823
1553	180	104	0
179	1552	346	346
178	1556	490	490
1557	1111	228	228
1462	1558	94	0
1081	535	421	0
1559	536	539	0
1560	1561	201	0
79	1375	228	0
1562	1563	162	0
666	1170	1500	1500
1564	184	650	0
1565	1566	189	189
1567	921	96	96
1568	1569	138	0
1569	698	63	63
1570	1571	337	337
478	1572	461	461
1573	42	401	0
42	731	390	390
1574	1575	219	219
504	731	2559	0
731	844	488	488
844	1576	2188	0
450	449	148	148
449	448	154	0
448	447	118	118
447	446	222	0
1162	1577	774	0
1578	1579	772	772
129	1580	200	200
1580	1581	213	213
1581	1582	358	358
1582	1583	258	0
1579	1584	91	91
1582	1581	358	0
1581	1580	213	0
1580	129	200	0
1585	1586	127	127
1587	1588	163	0
1589	1590	122	122
1591	1592	247	0
1593	104	464	0
1594	1595	173	173
1596	1574	454	0
774	729	85	0
193	1593	112	112
1597	1597	74	74
1598	1599	850	850
790	1600	362	362
633	1560	76	76
1601	1602	140	140
1603	1604	308	308
1604	1605	612	612
1606	895	1026	1026
42	41	480	480
1602	952	811	0
1607	1608	208	208
1608	1609	358	358
219	800	215	215
800	1610	385	385
1610	1611	205	205
118	1612	1756	1756
1612	176	219	0
126	172	786	786
1613	1142	394	394
1142	1614	283	283
1614	1615	250	250
1616	1617	448	448
1618	1619	280	280
1619	742	367	367
1620	1621	447	447
1622	1623	143	143
796	1624	578	578
1624	1625	565	0
1626	1627	339	0
1628	1629	177	0
1630	1625	91	91
1625	1631	197	0
1632	1633	873	873
176	615	398	398
615	118	1576	1576
1634	1635	68	68
1636	1637	424	424
1638	1639	350	350
208	1640	395	395
1640	1641	128	128
1641	1642	335	335
1642	1643	328	0
1644	1645	426	0
1645	1646	453	0
1647	1648	158	158
1649	1309	298	298
1625	1650	480	480
1650	1624	85	0
1624	1651	501	501
1651	796	71	71
155	1652	177	177
826	1109	69	0
1653	1554	898	898
155	1654	412	0
405	652	485	0
1655	156	574	0
1656	1657	226	226
686	1658	279	279
1659	1647	230	230
1464	665	300	300
1660	604	54	54
1661	329	54	0
1662	1529	893	0
1663	1664	895	0
1664	1665	1717	1717
1198	355	228	228
355	51	498	0
1666	1667	153	153
1668	257	260	260
1669	1668	217	0
1668	1670	374	0
1558	1671	274	274
1672	69	139	0
69	640	397	397
1667	1673	80	0
1674	707	60	0
1675	1676	461	0
1676	680	1984	1984
680	1172	72	72
1172	1677	200	0
1678	1336	464	464
1336	1601	470	0
1679	1680	796	796
1680	1681	665	665
946	1682	96	0
1324	1683	102	0
1683	1684	164	164
1684	743	364	364
1685	1686	76	0
1686	1687	366	366
1688	1689	89	89
1689	1688	88	88
1690	305	134	134
305	1691	248	248
1447	1347	381	0
1631	1692	175	0
1693	1694	73	0
612	1453	146	146
1453	1462	213	213
1695	542	219	219
542	1696	686	686
1697	1698	208	208
1513	1020	670	670
1020	455	658	658
1699	526	379	379
526	1700	1311	0
431	1085	1042	1042
114	1701	195	195
1701	1078	806	0
1078	989	306	0
989	1077	307	307
1077	179	273	273
1702	64	280	280
64	1703	136	0
1350	1704	124	124
1257	1315	133	133
1705	1706	207	0
1707	1708	416	0
1023	446	274	274
446	269	189	0
482	1709	616	616
1709	931	367	367
1710	116	302	0
304	418	398	0
1646	875	166	0
1711	115	277	0
1712	1614	250	0
1614	1142	283	283
1142	1613	395	0
1514	1026	811	811
1026	1713	145	0
1713	453	550	0
1714	1670	201	201
1670	256	263	0
256	1715	777	0
1716	1717	698	0
1372	1678	90	90
1426	1718	907	907
1719	1154	199	199
1119	1720	246	0
1720	1721	203	203
1722	1719	203	203
1678	1372	102	102
938	1723	100	100
1025	1724	612	612
1725	1726	452	452
1726	1727	883	0
1727	1364	474	474
1728	1729	1010	0
1729	517	599	599
511	634	74	0
1730	1731	562	562
1731	1732	615	0
1732	1733	471	471
1734	908	133	0
1734	1735	196	196
1736	1723	63	63
330	1737	844	844
1738	1739	54	54
1684	1217	188	0
1217	1619	239	0
1619	1740	282	282
1740	1741	317	0
622	1742	249	249
1743	1744	445	445
1745	1214	1117	0
1746	1747	1183	1183
1747	1748	537	0
1305	1372	303	303
778	1743	155	155
1743	1749	202	0
547	1750	188	0
547	1751	112	0
1752	1753	396	396
709	1754	156	0
1755	1756	198	0
1754	1757	286	286
84	692	385	385
692	1758	400	400
1759	658	133	133
1760	1761	1413	1413
245	1114	199	0
1762	797	868	868
797	1327	890	0
1763	1731	314	314
1731	1764	247	0
1764	1765	409	409
1765	733	835	835
1055	1766	94	0
659	655	127	0
1767	1768	162	162
1277	1769	381	381
1769	941	492	492
1770	436	267	0
1771	347	368	0
1772	1738	53	0
1773	1343	108	0
1343	1774	183	183
1774	1775	183	183
1775	1773	108	0
1776	1777	669	669
1090	1650	901	901
970	1438	326	326
1438	1778	702	702
970	1144	844	0
1144	1779	114	114
1780	1781	213	213
390	1782	827	827
1782	1707	592	592
1707	1148	155	155
1774	25	615	0
1768	1783	56	0
1784	403	284	284
403	1112	177	177
1785	1786	149	0
1787	1788	418	0
1788	1789	211	211
941	1790	225	0
1493	1791	289	0
1791	1184	164	0
1792	1191	3886	0
552	1597	90	0
1793	1794	406	406
1795	1796	89	0
1682	235	85	85
1766	1797	80	80
1797	1798	798	798
1798	965	396	396
1274	1799	355	0
1800	320	347	347
1801	663	816	0
1777	1775	561	561
19	1802	235	0
815	557	466	466
1803	617	54	0
1704	1702	103	0
1500	238	513	0
1509	1690	516	516
1798	943	480	0
1804	1805	1534	0
912	1806	207	207
1806	935	450	450
1703	1807	311	311
25	751	607	0
751	1808	510	510
1302	1119	126	126
746	1809	508	508
1534	633	89	89
1810	1811	52	0
1812	1811	2381	2381
883	1400	401	401
1813	545	307	307
545	1452	96	96
1452	546	314	0
547	1695	187	187
1718	545	928	928
545	1814	257	0
1815	363	63	63
363	1536	548	548
777	1816	98	0
1817	1818	468	468
1819	1741	339	0
1741	746	377	377
1820	1821	62	62
1091	1822	1214	1214
1823	1824	108	108
1825	1826	94	0
1827	1828	160	160
1829	1830	67	67
1830	288	92	92
288	1823	654	654
1824	1091	294	0
1057	1398	60	0
1088	552	471	471
1831	1832	554	554
930	22	893	0
1833	238	116	116
362	1464	724	724
1465	1834	54	54
1727	1726	1031	1031
852	851	149	149
174	1377	809	809
1139	1835	501	501
1835	1836	110	110
1836	1837	193	0
1838	1839	176	0
1839	1840	181	181
1840	1732	306	306
1732	1841	228	228
1841	1842	421	421
1843	1844	624	624
1845	1846	223	223
1847	1848	160	160
1237	937	446	446
1849	694	1219	0
1549	1233	979	0
1850	1851	802	802
1851	1852	912	912
1853	370	183	183
1854	1855	750	750
1855	1109	80	0
1109	1856	853	0
1856	1715	148	148
1715	295	407	0
1857	1858	110	110
600	1859	274	274
1860	1606	375	375
1606	1861	420	420
1861	584	965	965
584	495	543	0
1862	1863	144	144
1862	1864	371	371
239	1865	884	0
512	1734	139	139
928	1866	302	0
1866	1867	320	320
1867	880	419	0
1868	1860	144	144
1869	1510	920	920
1870	1864	187	0
1864	1871	57	0
1872	123	316	0
123	1873	954	954
1874	551	890	0
1875	571	139	0
1081	1876	94	0
1877	1878	80	0
1879	1880	448	0
1826	635	146	0
1113	964	98	98
964	1881	189	189
1848	1298	413	413
1882	1883	813	813
1344	1884	105	105
1009	1885	440	440
1886	173	435	435
1887	1354	131	131
1888	1413	65	65
407	1889	274	0
1889	1890	143	143
1891	1387	106	0
1387	831	177	177
1610	1892	445	0
1892	1893	160	160
1893	1062	275	0
815	407	371	371
254	1894	607	607
1895	451	143	143
844	107	1425	1425
405	1896	191	191
1896	1897	164	164
1898	1899	306	306
1899	367	131	131
1900	1901	596	596
819	1250	488	488
1250	607	467	0
1902	1903	374	0
1904	1905	141	141
1309	1308	365	365
1308	133	221	221
133	1906	1298	1298
267	15	202	0
1313	1214	973	973
1907	1753	150	150
1753	1502	247	0
1437	913	193	193
1908	1909	76	0
329	1910	54	0
1911	621	180	180
920	634	66	66
634	936	124	0
1896	653	523	0
1571	1912	322	322
1534	617	57	57
1913	1102	178	0
1102	1914	119	119
1611	1915	171	0
1916	1917	85	85
1918	1570	129	129
1467	882	453	0
882	555	465	0
1729	1389	526	0
1389	1919	343	0
1920	1921	373	0
1922	865	242	0
57	816	183	0
1923	1924	387	387
1779	1925	65	0
1926	941	737	737
1889	1546	460	460
1546	1302	368	368
1917	1916	83	83
426	1927	862	0
1225	1928	68	0
1929	761	412	0
1897	1930	309	309
1151	1803	85	0
1931	1932	673	673
1933	179	710	0
517	1046	498	498
1542	1759	64	0
1934	1935	331	0
1116	1936	230	0
1937	1275	568	568
1275	1938	169	169
1939	1940	421	0
1941	1942	141	0
1943	1944	89	89
1940	1945	687	687
1946	1042	813	813
1042	1947	234	234
616	76	246	0
76	1920	370	370
1948	1941	212	0
1686	881	491	491
1949	609	280	280
609	1948	124	0
1313	1950	549	0
376	703	521	521
703	1951	372	0
206	1879	774	774
1952	1303	147	147
1696	977	1125	0
1953	1954	312	0
1955	609	275	0
1956	1957	467	467
1958	1959	214	214
1960	1416	359	359
1416	1961	270	270
1962	768	875	875
768	32	557	557
864	1963	217	217
1261	1258	138	138
665	1464	295	295
1964	378	855	855
378	1965	51	51
1966	1116	108	0
255	1196	151	151
893	834	406	0
1967	1968	137	137
1969	1970	114	114
1971	1969	437	437
1735	1972	77	77
883	735	826	826
566	31	340	340
549	566	353	0
566	1973	330	0
1973	1974	623	0
1968	1971	81	81
1975	814	523	523
1274	1967	104	104
1339	5	190	0
1759	644	91	91
1976	1763	1379	1379
1763	1977	219	219
1977	1840	528	528
1840	1978	411	411
1274	650	523	523
1979	1366	703	703
1366	970	330	330
824	1980	248	0
1528	1981	146	0
350	120	64	0
502	179	1072	1072
179	178	205	205
178	177	352	0
177	176	149	0
176	503	861	0
650	204	224	0
204	1759	763	0
1982	1983	328	328
1984	1985	303	0
1986	211	163	163
1987	1988	88	88
1577	1326	99	0
1989	1990	99	99
284	855	419	419
1991	283	536	536
1992	1481	182	182
1481	1993	305	305
283	1994	542	542
1901	829	368	368
1382	1644	601	601
283	1215	555	555
1995	928	373	373
928	1688	598	598
1688	1996	128	128
1997	1992	498	498
1992	1998	163	163
575	1999	177	177
2000	1993	257	0
1993	2001	233	233
2002	974	77	0
974	2003	209	209
514	190	142	0
2004	2005	181	0
1204	2006	814	814
2006	1204	806	806
2007	1806	241	241
1806	710	647	0
2008	2009	392	0
435	164	223	223
2010	2011	182	0
773	2012	1031	0
2012	749	324	324
1410	2013	206	0
2014	446	153	0
2015	1003	282	282
1003	1002	244	244
1002	1001	106	0
1001	1000	368	0
2016	324	472	0
324	139	674	674
2017	2018	364	0
2019	2018	121	121
2020	2016	228	228
2016	2021	393	0
2022	2023	290	0
2023	2024	214	214
289	2011	101	0
2011	2023	189	189
2025	2008	594	594
2005	2026	827	827
2027	1252	577	577
2028	718	95	95
718	2011	510	510
706	1666	151	0
2029	1235	204	0
2030	2031	334	0
1694	2032	131	131
2032	1523	423	423
1523	890	1054	1054
395	1661	189	0
2033	1583	296	0
1583	2034	741	741
2035	2036	131	131
1085	431	1047	0
2037	448	267	0
448	2038	171	171
1604	1820	213	213
1820	1235	178	178
1235	2039	139	0
2039	2040	129	0
2041	15	626	0
2042	1583	739	739
1583	2031	353	353
2031	269	690	690
269	1243	238	0
1243	2037	119	119
2037	2039	127	0
2039	1235	140	140
1235	1247	187	187
1247	833	295	295
833	753	323	323
2009	2043	556	556
2043	2044	776	776
2045	1793	224	0
2046	929	449	449
2047	269	250	0
2048	2049	150	150
1629	2050	99	99
1582	2051	571	571
868	2025	234	234
841	2045	71	71
2052	1830	67	67
1926	958	575	0
1133	1429	187	0
2053	296	70	0
296	2054	449	0
95	386	227	0
2055	1032	522	522
1963	2056	608	608
2057	2058	490	490
2058	2055	272	272
2059	2060	52	52
2061	2062	744	0
771	729	991	0
774	2063	986	986
2064	556	396	0
556	2065	339	339
2065	156	362	0
2066	2067	138	138
2067	2068	383	0
1454	2069	52	52
2068	759	422	0
2070	2071	679	679
2072	1165	205	205
2056	2073	266	266
2074	444	398	0
2069	2070	630	630
1858	609	252	252
438	2075	439	439
2075	1	416	0
1515	63	1069	1069
63	1512	803	0
2076	1620	102	102
1041	2077	439	0
78	1395	133	133
1174	2078	458	0
1254	870	532	0
871	1708	103	103
1708	1147	204	0
1147	142	381	0
2079	1226	221	221
1157	2080	103	103
2080	264	948	948
2081	1090	383	0
2082	2083	135	0
2083	2084	172	172
2085	1885	552	552
1885	969	581	0
969	44	304	304
44	2043	769	769
2086	2087	1131	1131
803	1985	136	136
1985	2088	68	68
1330	2089	96	96
796	1090	266	0
1090	2090	383	0
2006	2091	635	635
2091	2092	573	573
2093	1744	186	186
1744	621	149	149
2094	2095	87	87
1091	791	223	223
2090	1831	451	451
2096	2081	112	0
1281	2097	100	0
1289	1281	108	108
1657	1515	873	873
2098	763	166	166
1515	1713	673	673
2099	911	290	290
2100	2101	114	0
1905	1770	277	277
1905	1249	555	555
606	274	268	0
2102	581	389	389
2103	1756	191	0
1756	1728	92	92
2104	2103	95	95
579	580	104	104
2105	1954	60	60
2106	409	589	0
409	2107	590	590
273	2108	101	0
2109	2110	976	0
2110	2111	552	552
2112	2113	69	0
2114	2115	1079	0
2115	1798	62	0
798	744	298	298
1882	2116	150	0
2117	437	268	268
2117	2118	199	199
2119	1835	284	0
1741	2120	664	664
1816	2121	151	151
1652	2122	212	0
2122	265	453	453
275	1517	139	0
1916	2099	184	184
2099	2064	131	0
1954	272	293	293
608	275	276	276
1373	2123	456	456
286	1495	50	50
2124	2125	154	154
2126	2127	109	0
2128	2129	145	145
704	724	211	211
2127	327	274	274
327	933	426	426
933	1461	350	0
1342	1946	95	95
558	1280	662	662
999	2130	505	0
2131	533	981	981
599	9	118	118
763	2098	166	0
2098	1280	235	0
2132	2133	950	950
1739	2134	121	0
1648	515	164	0
565	864	754	0
1286	613	928	928
584	583	604	604
583	1034	403	403
2135	2136	88	88
1548	384	62	62
2137	2138	90	0
819	147	610	610
763	955	661	0
955	1275	568	0
1275	2139	170	0
293	664	848	0
664	2140	517	517
2140	1293	644	0
1203	2141	156	156
153	986	479	0
2142	223	55	55
322	2137	1223	1223
1531	1317	255	255
1965	47	252	252
47	158	822	822
158	163	574	574
163	1141	327	327
1141	2143	59	0
2144	162	254	0
162	2145	348	348
2146	564	52	52
777	1754	220	0
2138	123	361	361
123	2147	953	0
2148	1845	69	0
166	2149	312	0
2150	2151	128	128
1423	166	386	0
1103	1218	372	0
1104	1003	166	0
1003	1073	195	195
1073	2152	195	0
2152	370	178	178
2153	2154	128	0
2155	2150	490	0
2150	2156	107	107
181	2157	95	0
1175	2158	162	162
2159	2160	74	74
2160	2159	72	0
478	2161	341	0
2162	2163	1241	1241
2163	1066	215	215
2164	2162	309	309
2121	716	424	0
1476	67	216	216
45	968	305	0
1103	1403	578	578
970	969	730	730
969	2165	466	0
1104	2166	272	272
2165	1015	221	0
1749	874	595	595
1104	1095	365	0
1095	1103	364	364
2093	1749	448	448
1718	1286	481	0
2050	2167	90	90
537	583	901	0
583	2168	791	0
488	536	685	685
2167	2134	118	118
2169	689	457	0
2170	1200	249	249
902	298	96	0
901	2171	506	506
536	2172	682	682
2173	916	260	0
916	1179	329	329
2174	2078	102	0
2078	2175	774	0
1176	2176	68	68
2177	2178	252	252
2178	2175	223	223
432	2177	68	0
2179	2152	156	0
2152	1063	341	341
1063	1002	189	189
2159	569	236	236
569	2180	353	353
2180	2181	556	0
2175	917	254	254
917	1173	221	221
2176	2182	179	179
2182	114	386	386
2183	1902	364	0
1748	1747	533	0
1747	1746	1192	1192
2171	298	96	0
2184	1578	59	59
2169	1773	907	907
2185	2186	561	561
2187	1776	670	0
2188	915	439	0
915	2189	265	0
2190	2191	1195	0
2192	1812	1535	0
1812	2191	455	0
2191	765	344	0
765	2191	385	0
2191	1812	459	0
1812	2193	1533	1533
332	2194	570	0
2195	2196	202	202
2197	2198	92	92
2199	2200	198	0
2201	2202	91	91
2196	2203	91	91
2204	2205	504	0
2205	2206	385	385
2200	2207	90	90
2208	973	130	0
973	2205	378	0
2205	2169	590	590
2209	1616	966	966
2210	1709	679	0
2207	2211	841	0
2203	2212	866	866
788	790	480	0
790	2213	277	277
2213	1125	246	0
788	2214	360	360
1959	1844	769	769
1844	2215	243	243
2216	775	72	72
298	297	417	417
569	568	398	398
568	2217	451	451
2218	2219	1113	1113
2219	2197	973	973
1196	1148	387	387
872	1987	54	54
1190	2220	176	176
2211	2219	131	0
2219	2201	972	0
1196	142	421	421
2198	1772	200	0
2221	1626	591	591
1626	2222	773	773
874	2185	582	582
2185	2223	385	385
2223	2224	129	0
1988	287	535	0
287	1333	95	95
2225	216	714	0
216	199	107	107
1130	199	1397	1397
199	216	143	143
2226	511	125	0
1555	2227	372	0
2228	1110	57	0
2229	2230	1147	1147
216	2231	473	0
2232	2083	851	851
1852	2233	121	121
2231	2234	202	0
2235	2233	203	0
1288	2236	339	339
2237	1283	72	0
1111	1567	173	173
1284	1252	112	0
2238	528	215	215
2236	1080	152	0
2239	1127	142	0
2240	2241	53	53
2242	2237	339	339
1400	168	384	0
168	2243	343	0
2244	1123	906	0
1123	2245	623	0
2245	1484	478	478
110	416	155	0
1970	2228	61	0
213	274	531	531
35	27	191	0
1008	591	1397	1397
591	468	147	0
1214	2246	585	585
1253	1287	207	207
2241	1475	312	0
2247	206	823	823
1751	1671	380	380
1671	1316	291	291
1316	2142	72	0
1892	422	345	345
805	1368	75	75
663	329	104	0
329	2248	695	695
2249	2250	216	216
1263	1035	756	0
2251	1931	224	224
1893	1648	203	203
2077	2251	176	176
1584	819	551	551
819	763	592	0
2252	640	444	444
2253	1390	105	105
2254	1397	83	83
2255	1059	259	259
1062	1634	181	181
2256	2020	121	121
2257	1262	897	0
1932	2258	690	690
1626	2259	402	402
2259	150	373	0
150	2260	270	270
2260	1680	848	848
1680	2261	703	703
2261	1747	510	0
1627	1626	339	339
1951	2262	239	239
1520	1506	649	0
1506	739	747	0
739	456	482	482
2262	2263	75	75
2263	2264	340	340
2265	877	673	673
2266	2267	175	0
2267	2268	775	775
2269	2270	76	76
2271	1838	330	0
2272	2273	557	0
2273	2274	238	238
2275	2276	383	383
424	94	565	0
2277	2259	763	763
1210	480	1251	1251
480	2132	316	0
2132	1108	544	0
2278	1839	912	0
1839	2279	420	420
2038	448	176	176
448	2037	262	262
2280	449	109	0
449	2039	189	0
2281	1796	303	0
2260	1795	226	0
2110	2282	629	629
2283	2284	206	206
2250	1891	193	0
1469	1398	301	0
2054	2285	58	58
456	2266	119	119
984	78	451	451
78	2286	135	135
739	738	330	330
738	737	778	778
737	2287	570	570
2287	2288	763	763
2289	326	607	607
326	380	298	298
380	2072	343	343
2290	2291	95	95
27	2292	793	793
2285	2293	73	73
1884	1344	106	0
1884	2294	383	0
228	230	425	425
1528	2295	406	406
2089	2183	1000	1000
230	1300	744	744
1990	1827	470	470
1827	1569	1749	0
1569	695	3274	0
1540	2296	173	0
345	1184	101	0
2297	1722	185	185
1722	1153	198	0
1185	349	221	221
2298	1028	1494	1494
2299	2259	304	304
2300	72	583	583
2301	2302	458	0
2302	1459	172	172
2116	1874	50	50
1211	2300	460	460
2300	2303	81	81
2123	2304	198	198
2305	117	653	653
1874	2306	50	0
1378	203	556	0
1791	2307	161	0
1802	24	328	0
2308	1595	715	0
23	2309	486	0
2310	996	552	552
2311	825	245	245
944	2312	138	0
862	2313	1363	1363
2314	960	200	0
1599	577	275	0
2315	2061	730	0
2316	1588	150	150
1588	1491	570	570
576	578	457	0
105	562	207	0
2317	1177	93	93
1592	2318	554	0
720	2319	345	345
2319	470	327	0
2320	1960	317	317
1960	646	319	0
646	2298	1375	1375
1977	2282	346	0
1232	1301	249	249
357	363	168	168
1535	1139	263	0
2119	2311	61	61
2311	1980	117	117
1980	1266	141	141
1850	2321	573	0
2322	1681	255	255
1681	2281	844	0
2281	862	264	264
2323	1717	225	225
1717	2273	218	218
2273	2324	343	0
2324	2282	346	346
51	2325	498	498
2325	1198	228	228
1198	226	1281	1281
1376	389	363	363
389	1535	227	0
226	310	464	0
311	804	461	0
804	1198	199	0
1183	2326	132	0
2327	2112	642	642
2328	2329	618	618
2330	2331	246	0
2116	1882	151	151
438	265	265	265
797	2332	196	0
623	2333	347	0
2333	519	652	652
2334	2149	242	0
2331	1403	497	497
1403	2335	607	607
2149	1058	987	987
2336	2004	97	97
1219	2337	209	0
2291	2184	410	0
2338	1760	358	0
1760	2339	2349	2349
2339	2289	108	108
2289	2340	318	0
2340	2100	106	106
2100	722	224	224
722	2341	802	0
1442	2342	256	0
2343	1229	329	329
264	827	425	425
827	2344	186	186
2344	2058	372	372
1919	374	361	0
2345	365	91	91
1082	1080	255	255
1692	1852	126	0
1107	1718	148	148
2294	2205	518	518
2205	2294	522	0
439	265	172	0
2346	1874	66	0
1874	2347	66	0
2306	2348	304	0
2233	1630	121	0
747	1740	372	372
471	2349	55	0
2350	1443	263	263
2351	243	283	283
243	249	467	0
2161	2174	65	65
2026	1535	814	0
343	106	222	222
237	1632	457	0
1621	2164	860	0
15	255	192	0
1315	1462	241	241
1137	623	807	807
1146	2352	100	100
1533	1662	122	0
2353	582	710	710
1840	2354	412	0
2355	1919	513	513
1919	366	918	0
1605	2040	82	82
2040	2047	118	118
1358	768	402	402
2356	529	496	0
529	757	521	521
2357	1591	82	82
961	2358	95	95
2359	2357	144	144
2358	236	254	0
2360	1798	876	0
1798	2361	613	0
1432	2360	95	0
2362	1631	886	886
1637	253	138	138
2363	2324	1595	0
2324	2271	467	467
2271	859	332	0
1331	1083	262	262
540	182	653	0
2364	2027	315	315
2027	442	209	209
360	1933	184	184
1459	1373	175	175
751	430	803	803
2365	735	1153	1153
2366	422	198	198
1279	1122	897	897
2367	705	64	64
2368	746	503	0
2369	2370	91	0
2370	723	405	405
723	2371	248	248
2372	2000	683	683
2000	1482	348	348
1482	2216	318	318
174	1837	239	239
2373	2374	346	346
553	500	480	0
500	2115	789	789
2342	2375	726	0
2264	1104	272	272
2376	724	277	277
2309	520	208	208
520	2377	646	646
1497	2160	359	359
2160	1175	489	489
2378	556	139	139
341	323	242	0
2379	2380	220	220
1454	219	887	0
219	1283	964	964
674	493	246	246
2381	2306	120	120
2306	2381	114	0
748	2381	1144	1144
487	1784	254	254
2348	2116	303	0
2348	2382	152	152
2383	2384	427	0
2384	1600	279	279
1600	2214	476	476
2214	2385	316	0
2386	2387	194	194
2388	2389	1100	1100
2390	1755	95	95
785	373	145	0
393	1548	145	145
2391	2179	133	133
1063	2152	354	0
2152	2179	156	0
1002	1063	188	188
152	2086	109	109
2392	1062	57	57
1064	1063	143	143
1063	1073	233	233
1073	2393	291	291
2394	394	209	0
394	1233	242	0
1233	2395	378	0
2396	2383	68	68
2397	2398	109	109
2	2399	70	0
2399	2400	62	62
338	2401	88	88
1355	2402	173	0
2403	66	401	401
2404	2403	144	144
1837	1266	283	283
1266	823	244	0
823	153	253	253
978	223	239	0
2335	1103	371	371
1310	1068	438	438
1068	1000	156	0
1000	1103	189	0
370	2152	178	0
2152	1073	195	0
1073	1003	195	195
1003	1104	161	0
66	991	213	213
1103	1068	360	0
2405	127	132	0
2406	2407	1026	1026
2408	2359	74	74
2402	2409	75	75
2409	1202	150	150
1202	2092	462	462
2092	737	755	755
737	862	594	0
150	2410	792	792
1980	1836	282	282
2411	1370	488	0
1370	2412	434	434
2095	645	1217	0
2113	2413	1153	0
2414	440	2128	2128
2112	1030	374	0
1030	2094	662	662
1719	1033	231	0
2415	2416	311	0
2219	648	2398	2398
265	2417	922	922
554	2418	473	473
2418	2114	241	0
2114	1013	243	0
211	210	1062	1062
2419	1983	547	547
441	1665	303	303
1665	2113	657	657
1504	2420	107	107
639	1923	745	745
1923	2421	471	0
1154	2352	353	353
2352	2422	182	182
1983	2419	547	547
1623	748	314	314
1188	242	264	0
242	2423	296	296
835	221	954	954
2287	2091	761	761
2091	1204	466	466
1204	2424	158	0
2424	2396	360	0
2092	2091	574	574
2091	2006	625	625
2425	2426	53	53
2426	2427	503	0
662	2428	98	98
2428	329	206	206
1372	2429	114	114
2429	2430	514	0
1952	1424	308	308
462	486	240	0
2219	1861	773	0
1861	898	1020	1020
1392	2301	197	0
2431	2432	2816	0
2432	1818	570	570
1818	2433	381	381
2434	1504	379	379
2429	1304	300	0
2435	1202	225	0
2436	466	604	604
230	556	319	0
1535	2119	437	437
2063	2426	139	139
2437	1847	559	559
1300	230	744	744
997	308	243	0
2438	1832	194	194
309	2439	100	0
2440	785	144	0
1194	797	165	0
797	265	574	0
1286	1424	883	883
661	2428	243	0
2337	2263	481	0
2441	2390	658	0
2442	300	334	334
967	2308	264	264
1600	790	359	359
32	210	561	0
773	1934	147	0
1935	730	260	0
730	482	698	0
857	351	332	0
351	225	895	895
2344	1155	499	499
1832	2310	192	192
1831	520	645	645
520	2187	208	208
1505	2436	102	0
2443	2158	150	150
1390	1389	675	0
1389	367	980	980
1919	1389	345	0
1389	1729	529	529
1867	2319	526	526
2319	1271	600	600
2444	2229	577	577
684	2445	363	363
2333	2093	303	0
336	395	188	188
395	2343	244	0
2343	1523	1055	1055
1523	2446	532	532
2447	1459	413	413
847	2432	1541	0
1811	1811	78	0
848	1817	973	973
1817	2448	676	0
685	767	437	0
2449	2412	328	0
2412	2450	437	0
1268	2451	77	77
1171	2173	264	264
2173	2189	256	0
2189	411	333	333
2452	413	316	0
121	2453	1785	1785
2454	107	4117	4117
107	102	390	390
1550	2455	240	240
1521	2456	540	540
727	2457	650	0
1664	1788	1101	1101
1102	1101	368	0
2458	693	286	286
2459	2325	275	0
2460	506	113	113
506	1783	396	396
1783	2461	214	0
1910	395	188	0
1523	2462	422	422
2462	1908	131	131
1973	566	321	0
1167	2463	540	540
365	2330	114	114
870	1782	410	410
1782	2247	342	342
1447	1427	484	484
2021	1447	375	375
2464	1393	177	0
2465	2466	295	0
2467	835	222	0
835	1479	71	0
2468	2469	109	109
2470	2471	235	235
2471	1512	63	0
1512	2472	756	756
2472	572	169	169
2473	2467	85	85
1477	1488	65	0
1488	30	284	284
30	1965	653	653
1965	434	525	525
2474	2475	120	0
2408	2474	73	0
954	2425	200	200
1391	2476	92	92
2469	2477	78	0
2476	2478	78	78
156	2479	216	0
1394	2345	492	492
2479	2468	293	293
271	2013	268	0
2013	1021	328	328
1021	1771	240	240
2480	559	94	94
559	763	661	661
1721	1134	119	119
2462	2481	211	0
2482	2483	243	0
2484	2485	204	204
1799	2486	267	267
1810	2487	2020	0
501	2418	522	0
2488	2128	525	525
2079	2489	409	409
2489	50	299	299
1054	996	192	192
153	1396	447	447
1396	1376	323	0
1811	2448	51	51
2448	1811	53	0
1837	2490	140	140
2491	553	448	0
2492	2493	382	0
2398	1887	489	0
2494	2014	157	157
2495	2496	210	210
939	762	464	464
1089	2497	133	133
2498	2032	197	0
1629	2148	112	112
1447	323	275	275
323	2499	313	313
2499	172	585	0
172	126	786	0
4	2500	72	0
2401	2501	133	133
172	2499	584	584
2499	323	313	0
323	1447	275	275
2502	2412	328	0
2412	2484	331	331
2484	1693	134	134
1909	2496	135	0
2496	2503	657	657
762	956	681	0
1181	2504	714	0
348	2505	314	314
2505	2506	201	201
2506	2507	356	0
556	523	618	618
437	2399	736	0
2508	576	274	274
2108	2509	346	346
437	2117	268	268
2510	2511	204	204
319	866	1283	1283
2512	854	761	0
854	1216	544	544
2513	866	74	74
319	1105	1343	1343
1775	18	561	561
536	2362	261	261
2362	1851	268	0
2083	3	829	0
2514	1276	138	0
2515	2513	58	0
2516	1769	187	187
1769	956	565	0
2380	1956	223	223
458	2517	328	328
1654	763	1196	1196
2518	2519	214	214
518	1390	131	0
391	390	416	0
2520	319	416	0
2512	2521	129	0
1279	2244	189	189
950	332	384	0
726	2522	217	0
473	2523	527	0
2522	687	639	639
443	2524	503	0
2525	2287	763	0
2287	737	570	0
1782	248	343	0
248	1340	449	0
1340	2423	271	0
2423	2351	216	216
2351	2526	118	118
2113	2112	69	69
1503	2527	788	788
1178	2528	284	284
1683	2529	118	118
2529	1618	371	0
1618	1819	636	0
901	1528	535	0
1687	1070	580	0
874	2530	204	0
1981	901	387	0
1503	2531	391	391
930	2377	743	743
2531	2185	561	0
2186	1503	397	397
2377	2081	451	451
332	950	383	383
2282	2324	338	0
2324	2273	344	0
2273	2323	443	443
2532	2533	147	147
2533	1973	623	623
2157	2534	157	0
2158	1175	166	0
2157	1564	95	0
2534	2535	311	0
2535	568	363	0
568	2443	186	186
2443	568	186	186
568	2535	363	0
2535	2534	312	0
2282	1977	354	0
494	2154	858	858
2154	2536	286	286
2536	2537	139	0
2537	2538	297	297
2539	2540	865	0
1080	2242	152	152
860	2541	104	104
2542	113	254	0
113	2537	507	0
1460	2543	265	265
2544	821	811	811
821	123	114	0
1503	2275	418	0
2275	2061	112	112
1881	402	141	141
402	461	380	380
1503	2545	473	473
430	1343	594	594
2546	2547	63	63
1088	1099	292	292
2548	1923	386	386
775	350	302	302
2067	685	197	197
1265	2142	121	0
2549	2550	219	219
1834	1166	88	88
2551	2326	134	134
2326	2552	319	0
2227	2131	653	653
268	1146	285	285
1146	1189	374	374
1189	250	208	208
250	2553	173	173
1631	1082	178	0
2554	2555	144	144
350	342	64	64
2556	31	524	524
560	1736	786	786
2521	2520	64	64
442	2364	486	0
700	2557	451	451
2558	2279	138	138
2279	1840	274	0
1840	1977	529	529
1977	2111	228	228
2111	2559	1369	0
2560	2279	138	0
2561	92	316	0
92	2562	101	0
2563	1191	1601	1601
1083	1624	184	184
1624	2564	124	124
1507	738	749	0
738	2518	300	0
2518	2267	287	0
271	2030	647	647
2030	1582	346	346
2565	269	57	57
2566	2567	190	0
688	1005	485	0
1426	1106	696	0
2140	1295	672	0
2568	808	975	975
1485	1705	169	169
2569	2570	215	215
2571	2370	90	90
2572	667	181	181
2573	1547	172	172
1547	2574	376	376
26	2575	50	0
2576	1034	271	0
2577	1120	338	338
1120	1278	864	864
2569	2578	211	0
2578	2372	395	0
2579	1260	164	164
183	2580	225	0
1286	2581	71	0
135	1641	581	581
2136	2551	80	80
2527	1379	584	584
534	1918	153	0
903	1359	412	412
914	1907	131	131
1342	2582	92	92
1942	2583	66	66
2497	2532	358	358
1337	1285	478	478
2584	361	375	0
2409	2141	100	0
1474	1720	496	496
2424	2141	487	487
2585	2586	130	130
2586	2587	112	112
1974	2588	214	214
2589	2533	214	214
2589	1877	55	55
1933	2590	552	552
2591	1933	539	539
1933	360	194	194
2529	217	171	171
2592	1636	351	351
1639	2296	486	486
2296	2593	137	137
2072	741	700	0
741	2369	217	217
2369	2571	56	0
2571	2340	333	333
2517	1337	139	0
1336	2594	247	0
2595	1337	166	166
1337	2596	446	0
13	2597	505	505
1076	136	101	0
137	2598	60	60
2591	2599	102	0
2600	2601	143	0
2602	2590	101	101
360	2454	577	0
2603	1399	705	0
2220	2041	151	151
2604	2378	101	101
385	392	71	0
303	2605	293	293
1790	1539	320	320
2321	1361	189	0
1361	1559	106	0
1855	1158	124	0
2606	2607	352	0
2607	168	687	0
1300	671	472	472
2601	2608	50	0
2528	2600	720	720
2608	2591	53	53
2590	2609	54	0
10	1526	205	0
2400	1904	336	0
2472	302	239	0
2610	1764	1590	1590
1764	1841	509	0
1841	2611	332	0
1933	2602	445	0
2612	1638	425	0
2599	1933	440	0
2613	2066	351	351
2614	2261	1848	0
2261	2059	559	0
2615	2033	476	0
2033	1596	103	103
2047	2615	473	473
1303	2430	310	0
2430	1464	174	174
2616	2261	556	556
2261	2617	1845	1845
2618	2577	225	0
2422	2080	108	108
1496	1715	406	406
1715	1856	135	135
1856	1109	868	868
1109	2619	840	840
2620	530	507	507
2621	1675	1815	1815
1675	2622	905	905
689	2093	640	640
2623	2624	294	294
2624	2625	347	0
2625	2245	223	223
360	107	4690	4690
107	103	606	606
2626	2323	370	370
2323	14	80	80
1210	886	415	0
886	2133	255	255
2133	1856	711	0
1856	258	578	578
258	1669	257	0
1669	852	191	191
2627	2397	83	83
2628	2629	356	0
1418	1886	560	560
1380	777	173	173
192	195	321	321
177	2630	214	214
2630	2629	168	168
2631	231	141	141
1551	2628	167	167
2628	2632	250	250
2633	745	671	0
1292	2508	622	622
2508	2634	50	0
425	360	889	0
360	2635	210	210
562	2636	106	106
2636	563	53	53
155	2637	50	50
2638	360	212	0
360	425	887	887
2639	1838	137	137
1838	2282	536	0
2640	2411	335	0
2411	713	446	446
613	1352	420	420
1352	549	74	0
1367	1370	316	0
1999	2104	805	805
1537	2002	300	0
2002	2641	117	0
1371	331	53	53
2282	1838	540	540
1838	2642	133	0
1924	638	754	754
638	1924	755	0
2581	1306	244	0
1306	1678	287	0
2643	2302	167	0
1876	1631	160	160
746	813	524	524
813	495	359	359
495	584	534	534
584	1861	956	956
1861	2416	420	420
2416	1862	375	375
1776	689	437	437
456	2471	1209	0
2644	178	493	0
1551	178	245	0
1008	884	419	0
884	1401	388	388
1401	2607	509	509
2607	2645	1094	1094
1440	2470	82	82
2646	93	248	248
2647	2035	50	0
640	2647	447	447
636	69	396	396
69	2648	141	141
840	1370	484	0
2385	1463	356	356
2649	280	435	0
2554	2650	143	143
537	742	529	529
750	2427	330	330
2651	2382	514	514
1986	750	336	336
2651	750	75	0
2382	2651	514	514
586	601	76	0
1246	1245	391	391
2652	1765	1458	1458
1765	1842	458	458
1842	2653	427	0
2427	2012	397	397
2012	1622	105	0
1622	1456	53	0
750	2654	183	183
792	219	337	337
1610	2655	205	205
2213	1124	111	0
1124	170	58	0
2086	589	289	289
2656	2657	2469	2469
2657	315	1347	1347
977	1266	495	495
2490	1266	137	137
2384	2213	363	0
1838	2658	134	0
408	304	299	299
591	236	79	79
2659	1838	135	0
2660	918	153	0
918	1611	573	573
2044	55	171	0
2061	1503	531	0
2180	2535	396	0
624	1054	929	929
758	714	477	0
778	2545	113	0
2507	2506	356	356
2506	2505	201	201
2505	348	313	313
2545	778	114	0
741	724	374	374
724	704	222	0
584	2661	682	682
2662	1404	342	0
2246	2082	429	429
2082	2663	663	663
1794	378	209	209
2374	2539	428	0
2664	1227	595	595
987	1900	212	212
2665	2488	323	323
444	442	489	0
442	463	235	235
2666	2567	69	69
768	353	401	401
2567	2666	68	68
2666	2667	108	108
2667	2668	268	0
2669	2670	60	0
2671	2065	1045	0
1299	2671	70	0
2671	1299	70	70
2672	2076	494	0
2673	2573	274	274
2674	2675	627	0
2675	2676	82	82
2677	1430	1400	1400
1894	628	279	279
1337	1336	160	160
2676	2588	405	405
2475	1591	112	0
1612	2630	200	0
2630	1551	348	348
1551	1077	233	233
1077	988	781	781
988	1078	804	0
1181	172	569	569
172	201	656	0
2678	346	208	0
2679	348	591	0
1228	1227	1082	1082
2680	2569	215	215
905	2578	103	103
2681	2682	352	0
1590	2601	1107	0
1357	2664	300	300
2683	1745	491	491
2684	1842	428	428
1842	1765	448	448
1765	2685	1469	0
1543	1273	585	585
2486	1543	583	583
782	2686	114	0
2318	574	1824	1824
1586	126	617	617
126	2504	577	577
1405	2575	73	0
1335	2064	307	0
1184	2687	93	0
956	762	685	685
956	1769	565	0
1769	2516	187	187
2688	679	705	705
679	1029	665	0
778	2689	258	258
903	2690	293	293
2483	2691	238	0
294	2692	287	287
2692	2693	175	175
76	2694	2208	2208
123	1140	1800	1800
1140	76	518	518
2284	2604	453	0
1973	2654	659	659
2695	1785	136	136
1785	75	110	110
75	1875	53	0
1875	2482	447	0
2223	2696	558	0
2557	699	137	0
1287	2364	584	584
2364	2524	235	0
2524	2074	249	249
2654	1973	659	0
1974	2492	147	147
2697	1245	590	590
1245	1308	636	636
1308	2698	1088	1088
648	2219	2396	2396
485	1962	331	0
2699	640	108	0
1535	1850	599	0
1750	542	215	0
1580	1607	262	262
1607	2505	290	0
2505	1021	495	495
1021	2700	534	534
2700	264	211	211
1122	2701	607	607
2332	2702	219	0
2702	2633	56	0
2703	797	207	207
265	2704	249	0
2634	2703	252	252
2403	1594	78	0
2705	2706	347	0
2706	2707	293	293
2707	1563	294	294
1563	2708	52	0
2708	2623	295	295
2245	2701	223	223
2701	2624	347	347
2624	2618	299	299
921	923	201	0
1126	337	489	0
2572	1485	54	54
2691	570	542	542
2605	2709	293	293
780	2022	496	0
2022	2010	97	97
2010	68	100	0
68	675	261	261
62	2404	104	104
2388	2710	396	0
264	1021	734	0
1021	2505	495	495
2505	1607	289	289
1607	1580	263	263
2710	2022	100	0
68	756	289	0
2344	1387	506	506
514	1616	488	488
1121	2624	578	578
2624	2711	652	0
2625	1705	659	659
1595	1598	653	653
231	587	147	147
1123	1122	214	0
1122	1121	345	345
1121	1120	296	296
2712	2379	1072	0
2706	2667	252	0
2713	2583	68	68
2403	2714	108	108
473	2515	868	868
641	2715	494	494
2715	70	262	262
70	1220	160	160
2715	2489	474	474
390	206	351	0
493	2572	104	104
2716	884	747	747
884	883	396	0
883	2603	978	978
2603	882	246	246
2707	2668	274	274
2668	538	413	0
76	2717	210	210
1468	1869	520	520
76	864	766	766
2583	76	213	0
2694	123	63	63
1105	1614	339	0
1614	2718	336	336
2719	1614	336	336
1614	1105	346	346
2506	1608	248	248
1608	1581	300	300
2466	2691	102	102
2691	152	368	368
1718	1346	190	190
2511	1958	131	0
1485	672	56	0
2572	493	103	0
2499	2720	437	0
513	1309	95	95
1128	2721	118	118
1128	2722	365	365
1093	2711	116	116
2711	2723	218	0
2018	2155	1074	0
1595	2714	113	0
2714	2631	202	202
2631	192	139	0
2155	2724	394	394
1643	2725	102	102
59	2726	125	0
2726	2328	309	309
2580	2566	212	212
2566	539	456	456
2727	1274	499	0
1037	1230	247	0
777	777	57	57
2509	1092	204	0
539	2566	457	457
2566	2705	212	0
2728	692	398	398
692	84	391	0
2729	2510	216	216
2730	2392	123	0
151	2731	406	0
2731	2221	358	358
2221	2269	174	174
1706	2711	147	147
2711	2732	234	234
2733	2209	491	0
2209	513	608	0
693	1480	526	526
1480	1541	514	0
1541	1027	486	486
1309	1246	616	616
1246	2734	491	491
2735	1573	385	385
1573	845	475	475
845	2736	1508	1508
2723	2707	98	0
367	2444	667	0
2732	2707	74	74
1047	1364	138	0
1300	2729	307	307
513	2737	706	706
817	1735	644	0
2725	1649	394	0
2636	2702	121	121
2334	1865	375	375
2738	987	72	72
191	1660	284	284
134	2698	204	204
2698	1642	421	0
2737	2738	87	0
99	2144	187	187
596	585	1129	0
2299	2731	370	0
2350	2739	365	0
2731	2299	363	363
691	702	404	0
702	259	534	534
2262	2442	144	0
2740	375	440	0
1972	421	186	186
2741	950	487	487
2742	265	1015	1015
2270	1627	532	532
1627	2743	2284	2284
1048	2744	1248	0
2745	2314	136	136
2593	998	462	462
878	2739	421	421
2746	398	137	137
398	2592	486	486
1006	2747	276	0
2130	2681	137	0
301	2440	307	307
2268	737	592	592
737	1508	754	0
1508	2465	648	648
1698	2742	302	302
491	2748	338	0
2749	2007	284	0
2007	1916	189	189
2750	926	305	0
926	1271	334	334
1271	1984	184	0
1984	802	128	128
1310	2386	815	815
2349	537	397	0
537	813	600	0
2751	1699	243	243
1699	1152	238	238
1152	507	232	0
507	1663	331	331
1663	1767	56	56
1767	1787	52	52
1787	1161	285	0
2752	927	355	355
1943	2753	94	0
737	2754	155	155
1944	2096	51	0
2675	2755	159	0
2756	737	147	147
1508	2405	602	0
2096	1944	51	51
2754	1508	599	599
2092	2756	607	0
1508	1507	778	778
1507	1506	333	0
2757	2339	108	0
2748	1321	713	713
2700	16	856	856
2758	1119	162	0
1720	2480	229	0
2759	561	151	151
963	1044	1526	1526
2258	2255	412	412
2670	2672	120	120
2493	2491	107	107
1360	159	419	0
2760	818	558	558
2243	2334	164	0
1527	1525	305	305
1406	1407	275	0
1084	795	129	129
2761	2762	152	152
1457	2088	80	80
2088	1272	105	0
1272	927	337	337
927	2763	307	307
1866	925	72	0
2764	1101	123	123
1101	2249	270	270
2765	2766	108	0
2762	706	148	0
1436	1939	50	0
602	2759	555	555
1609	2507	247	247
2507	1409	280	280
1701	2182	400	400
2767	56	82	82
2768	1335	165	165
740	2126	242	0
2766	724	346	346
2769	2770	249	249
2770	541	550	0
108	360	578	578
378	2419	307	0
2419	2662	196	196
1461	933	348	348
933	2771	397	0
2771	2765	304	0
2772	1757	111	111
121	2773	1599	0
1911	2774	113	0
1281	2124	283	0
2124	1250	259	259
1250	2118	402	0
2118	2122	634	634
1757	1754	286	0
2774	2689	113	0
2775	864	77	0
1052	489	513	0
2776	1232	399	399
745	2776	266	266
649	2406	738	738
2406	2777	684	684
2778	1387	280	0
831	459	250	250
459	1187	141	141
1187	1234	117	117
1234	2038	278	0
2038	1242	119	119
1242	2494	50	50
2771	326	335	0
343	359	216	216
2779	2709	52	0
2500	1312	231	231
1561	213	373	373
221	96	1109	1109
1129	68	179	0
2722	2780	560	0
2329	2722	448	448
2781	2683	511	511
67	58	202	202
1045	1780	201	0
2163	1874	308	0
158	1965	1065	0
1109	980	76	0
980	258	509	509
2455	1521	231	231
687	586	1114	1114
2722	2726	599	599
2721	68	490	0
2562	2546	128	0
2329	2782	386	0
123	20	191	191
20	2146	160	0
68	67	958	958
2783	2784	52	52
1408	2254	430	0
864	1656	78	78
85	844	865	0
844	731	485	0
731	2769	1761	0
2784	2712	69	0
2540	2785	69	69
2693	182	870	870
617	922	171	171
937	212	682	682
81	2730	68	0
2786	2622	6827	6827
2622	1676	754	0
1676	657	1496	1496
657	2413	608	608
2413	2787	593	593
1635	1545	74	74
2049	2240	149	149
1781	2257	688	688
590	597	50	0
728	2788	105	0
2787	2688	104	0
354	2613	281	281
2613	2789	173	0
2790	1255	51	51
2791	2761	78	78
2792	2793	351	351
2793	2101	693	0
2101	1417	197	0
1417	1385	204	0
1385	2757	132	132
2757	2120	165	165
2120	2641	2150	2150
2641	2003	191	191
2003	2794	154	0
2795	584	684	684
1450	584	787	787
937	2796	188	188
2172	2364	485	0
2364	2797	315	0
2797	1287	269	269
266	2704	56	56
2704	437	387	0
437	1249	396	396
997	2438	573	573
1075	2753	162	0
2798	2799	68	68
12	46	511	0
809	2388	724	0
1583	1582	304	0
46	35	173	173
1583	2800	68	68
2800	2801	244	0
2530	2185	377	0
2185	2802	511	511
2796	1804	262	262
2129	2746	470	0
1930	2226	103	103
2799	1860	426	0
2206	2169	204	0
2682	2373	343	0
1957	2665	142	142
922	1922	260	260
2803	1143	255	255
1143	1613	632	632
1613	284	1687	1687
2803	2587	161	161
2804	1471	59	0
1471	2803	100	100
119	2805	106	106
2550	2516	211	0
2516	1790	495	495
809	779	570	0
2043	44	769	0
44	969	304	0
969	1885	580	0
1885	2806	558	558
2790	1318	100	100
1201	2017	369	0
898	1861	1020	1020
1861	2219	773	0
1198	2807	317	0
1017	2808	51	0
2808	1504	95	95
2420	2809	52	52
1566	1582	376	0
1582	1609	268	268
1256	1358	359	359
584	2793	1145	0
1772	2810	463	463
1871	1583	67	67
2809	1633	291	291
812	2811	91	91
269	2615	267	0
142	1196	421	421
1196	255	151	0
1522	836	571	571
1914	2764	362	0
843	1470	2472	2472
1845	2812	81	81
894	492	322	322
2736	845	1509	1509
845	1573	475	475
1573	2813	386	386
2804	2814	772	772
2814	846	2125	0
2815	2512	496	496
2555	342	122	122
2650	342	125	125
2554	121	56	0
1429	2760	81	81
2816	1926	212	212
1058	1833	288	288
2212	2219	106	0
2219	1449	559	0
2202	2817	198	198
2747	2612	155	155
1819	1239	659	0
2779	2087	169	0
2087	74	160	160
597	2779	74	0
2763	2750	316	316
2750	2818	401	0
1912	2669	54	0
142	325	598	598
325	2256	546	0
2819	1448	267	0
899	2565	182	182
2504	141	593	593
2017	2019	235	235
1207	1224	92	92
END