
total: 5898, max: 929
1 1 268 706 37 (P,1,1,2,0,32)(P,3,2,4,0,49)(P,75,4,69,0,124)(P,74,69,59,0,135)(P,87,59,44,0,163)(P,0,44,44,0,163)(S,48,44,46,13,176)(P,49,46,47,13,209)(P,0,47,47,13,209)(S,50,47,48,23,219)(P,50,48,47,23,229)(P,0,47,47,23,229)(S,51,47,49,32,238)(P,0,49,49,32,238)(S,52,49,50,40,246)(P,0,50,50,40,246)(S,59,50,19,70,276)(P,0,19,19,70,276)(S,17,19,18,111,317)(P,0,18,18,111,317)(S,16,18,15,149,355)(P,0,15,15,149,355)(S,15,15,17,175,381)(P,15,17,15,175,407)(P,0,15,14,175,414)(P,0,14,14,175,414)(S,13,14,13,182,421)(P,0,13,13,182,421)(S,14,13,77,194,433)(P,14,77,13,194,445)(P,0,13,13,194,445)(S,12,13,16,207,458)(P,0,16,16,207,458)(S,11,16,12,236,487)(P,0,12,12,236,487)(S,10,12,11,268,519)(D,0,1,1,268,706)
1 2 273 887 30 (P,1,1,2,0,32)(P,3,2,4,0,49)(P,75,4,69,0,124)(P,73,69,58,0,156)(P,65,58,60,0,189)(P,0,60,67,0,218)(P,0,67,56,0,254)(P,0,56,56,0,254)(S,60,56,55,6,260)(P,60,55,56,6,266)(P,0,56,42,6,292)(P,0,42,41,6,310)(P,0,41,41,6,310)(S,44,41,35,21,325)(P,0,35,35,21,325)(S,37,35,32,107,411)(P,0,32,32,107,411)(S,35,32,33,137,441)(P,0,33,33,137,441)(S,38,33,36,164,468)(P,38,36,33,164,495)(P,0,33,33,164,495)(S,39,33,37,239,570)(P,0,37,37,239,570)(S,40,37,38,247,578)(P,40,38,37,247,586)(P,0,37,37,247,586)(S,41,37,39,268,607)(P,0,39,39,268,607)(S,42,39,40,273,612)(D,0,1,1,273,887)
1 3 272 929 35 (P,1,1,2,0,32)(P,3,2,4,0,49)(P,4,4,5,0,105)(P,0,5,5,0,105)(S,6,5,7,6,111)(P,7,7,8,6,129)(P,8,8,9,6,155)(P,9,9,10,6,175)(P,55,10,11,6,187)(P,10,11,12,6,219)(P,0,12,76,6,226)(P,0,76,76,6,226)(S,85,76,77,41,261)(P,0,77,77,41,261)(S,84,77,15,54,274)(P,16,15,18,54,312)(P,0,18,18,54,312)(S,81,18,72,146,404)(P,0,72,72,146,404)(S,77,72,71,152,410)(P,0,71,71,152,410)(S,76,71,70,208,466)(P,76,70,71,208,522)(P,0,71,71,208,522)(S,78,71,73,213,527)(P,0,73,73,213,527)(S,80,73,74,238,552)(P,80,74,73,238,577)(P,0,73,73,238,577)(S,79,73,72,243,582)(P,81,72,18,243,674)(P,0,18,18,243,674)(S,19,18,20,264,695)(P,0,20,20,264,695)(S,83,20,76,272,703)(D,0,1,1,272,929)
1 4 277 924 44 (P,1,1,2,0,32)(P,3,2,4,0,49)(P,75,4,69,0,124)(P,74,69,59,0,135)(P,87,59,44,0,163)(P,0,44,44,0,163)(S,46,44,45,12,175)(P,0,45,45,12,175)(S,47,45,46,24,187)(P,0,46,46,24,187)(S,49,46,47,57,220)(P,51,47,49,57,229)(P,52,49,50,57,237)(P,0,50,50,57,237)(S,54,50,52,59,239)(P,0,52,52,59,239)(S,57,52,54,63,243)(P,57,54,52,63,247)(P,0,52,52,63,247)(S,56,52,53,67,251)(P,55,53,51,67,255)(P,0,51,51,67,255)(S,86,51,21,69,257)(P,0,21,21,69,257)(S,21,21,22,86,274)(P,22,22,75,86,298)(P,0,75,75,86,298)(S,82,75,23,103,315)(P,0,23,23,103,315)(S,27,23,26,115,327)(P,27,26,23,115,339)(P,0,23,23,115,339)(S,33,23,31,155,379)(P,0,31,31,155,379)(S,32,31,30,169,393)(P,32,30,31,169,407)(P,0,31,31,169,407)(S,34,31,32,227,465)(P,0,32,32,227,465)(S,36,32,34,270,508)(P,36,34,32,270,551)(P,37,32,35,270,637)(P,0,35,35,270,637)(S,43,35,39,277,644)(D,0,1,1,277,924)
1 5 280 776 49 (P,1,1,2,0,32)(P,3,2,4,0,49)(P,75,4,69,0,124)(P,74,69,59,0,135)(P,87,59,44,0,163)(P,48,44,46,0,176)(P,49,46,47,0,209)(P,51,47,49,0,218)(P,0,49,49,0,218)(S,53,49,51,10,228)(P,0,51,51,10,228)(S,55,51,53,14,232)(P,0,53,53,14,232)(S,58,53,24,38,256)(P,0,24,24,38,256)(S,23,24,22,42,260)(P,0,22,22,42,260)(S,22,22,75,66,284)(P,0,75,75,66,284)(S,25,75,25,82,300)(P,0,25,25,82,300)(S,31,25,29,109,327)(P,0,29,29,109,327)(S,30,29,28,125,343)(P,0,28,28,125,343)(S,29,28,26,143,361)(P,0,26,26,143,361)(S,28,26,27,158,376)(P,28,27,26,158,391)(P,0,26,26,158,391)(S,26,26,25,175,408)(P,0,25,25,175,408)(S,24,25,24,202,435)(P,23,24,22,202,439)(P,21,22,21,202,456)(P,0,21,21,202,456)(S,20,21,19,240,494)(P,0,19,19,240,494)(S,18,19,20,272,526)(P,83,20,76,272,534)(P,0,76,12,272,541)(P,10,12,11,272,573)(P,55,11,10,272,585)(P,9,10,9,272,605)(P,8,9,8,272,631)(P,7,8,7,272,649)(P,6,7,5,272,655)(P,0,5,5,272,655)(S,5,5,6,280,663)(D,0,1,1,280,776)
1 6 280 744 28 (P,0,1,1,0,0)(S,1,1,2,32,32)(P,3,2,4,32,49)(P,75,4,69,32,124)(P,0,69,69,32,124)(S,73,69,58,64,156)(P,0,58,58,64,156)(S,65,58,60,97,189)(P,0,60,60,97,189)(S,67,60,62,120,212)(P,0,62,62,120,212)(S,71,62,66,136,228)(P,0,66,66,136,228)(S,72,66,68,181,273)(P,72,68,66,181,318)(P,71,66,62,181,334)(P,0,62,62,181,334)(S,68,62,63,211,364)(P,0,63,63,211,364)(S,69,63,64,220,373)(P,69,64,63,220,382)(P,0,63,63,220,382)(S,70,63,65,241,403)(P,70,65,63,241,424)(P,68,63,62,241,454)(P,67,62,60,241,477)(P,0,60,60,241,477)(S,66,60,61,280,516)(D,0,1,1,280,744)
1 7 265 532 20 (P,1,1,2,0,32)(P,0,2,2,0,32)(S,2,2,3,14,46)(P,2,3,2,14,60)(P,0,2,2,14,60)(S,3,2,4,31,77)(P,75,4,69,31,152)(P,0,69,69,31,152)(S,74,69,59,42,163)(P,0,59,59,42,163)(S,63,59,58,67,188)(P,0,58,58,67,188)(S,62,58,57,145,266)(P,0,57,57,145,266)(S,61,57,42,159,280)(P,0,42,43,159,291)(P,0,43,43,159,291)(S,45,43,44,237,369)(P,0,44,44,237,369)(S,87,44,59,265,397)(D,0,1,1,265,532)
1 8 273 400 17 (P,1,1,2,0,32)(P,3,2,4,0,49)(P,0,4,4,0,49)(S,4,4,5,56,105)(P,6,5,7,56,111)(P,0,7,7,56,111)(S,7,7,8,74,129)(P,0,8,8,74,129)(S,8,8,9,100,155)(P,0,9,9,100,155)(S,9,9,10,120,175)(P,55,10,11,120,187)(P,0,11,11,120,187)(S,64,11,59,198,265)(P,74,59,69,198,276)(P,0,69,69,198,276)(S,75,69,4,273,351)(D,0,1,1,273,400)
