
total: 6491, max: 872
1 1 269 872 32 (P,1,1,2,0,32)(P,3,2,4,0,49)(P,4,4,5,0,105)(P,6,5,7,0,111)(P,0,7,7,0,111)(S,7,7,8,18,129)(P,0,8,8,18,129)(S,8,8,9,44,155)(P,9,9,10,44,175)(P,10,10,11,44,187)(P,11,11,12,44,219)(P,0,12,12,44,219)(S,91,12,76,51,226)(P,0,76,76,51,226)(S,92,76,20,59,234)(P,0,20,20,59,234)(S,21,20,18,80,255)(P,0,18,18,80,255)(S,88,18,72,172,347)(P,0,72,72,172,347)(S,84,72,71,178,353)(P,0,71,71,178,353)(S,83,71,70,234,409)(P,83,70,71,234,465)(P,0,71,71,234,465)(S,85,71,73,239,470)(P,0,73,73,239,470)(S,87,73,74,264,495)(P,87,74,73,264,520)(P,0,73,73,264,520)(S,86,73,72,269,525)(D,0,1,1,269,872)
1 2 273 867 23 (P,1,1,2,0,32)(P,3,2,4,0,49)(P,82,4,69,0,124)(P,80,69,58,0,156)(P,69,58,57,0,234)(P,68,57,42,0,248)(P,48,42,41,0,266)(P,0,41,41,0,266)(S,46,41,35,15,281)(P,0,35,35,15,281)(S,39,35,32,101,367)(P,0,32,32,101,367)(S,38,32,34,144,410)(P,38,34,32,144,453)(P,0,32,32,144,453)(S,36,32,31,202,511)(P,0,31,31,202,511)(S,34,31,30,216,525)(P,34,30,31,216,539)(P,0,31,31,216,539)(S,35,31,23,256,579)(P,0,23,23,256,579)(S,90,23,75,273,596)(D,0,1,1,273,867)
1 3 278 853 29 (P,1,1,2,0,32)(P,3,2,4,0,49)(P,82,4,69,0,124)(P,81,69,59,0,135)(P,96,59,44,0,163)(P,0,44,44,0,163)(S,50,44,43,78,241)(P,49,43,42,78,252)(P,0,42,42,78,252)(S,48,42,41,96,270)(P,0,41,41,96,270)(S,47,41,40,105,279)(P,0,40,40,105,279)(S,44,40,39,110,284)(P,0,39,39,110,284)(S,43,39,37,131,305)(P,0,37,37,131,305)(S,42,37,38,139,313)(P,42,38,37,139,321)(P,0,37,37,139,321)(S,41,37,33,214,396)(P,0,33,33,214,396)(S,40,33,36,241,423)(P,40,36,33,241,450)(P,0,33,33,241,450)(S,37,33,32,271,480)(P,39,32,35,271,566)(P,0,35,35,271,566)(S,45,35,39,278,573)(D,0,1,1,278,853)
1 4 261 809 31 (P,1,1,2,0,32)(P,0,2,2,0,32)(S,2,2,3,14,46)(P,2,3,2,14,60)(P,3,2,4,14,77)(P,82,4,69,14,152)(P,80,69,58,14,184)(P,0,58,58,14,184)(S,72,58,60,47,217)(P,0,60,60,47,217)(S,73,60,61,86,256)(P,73,61,60,86,295)(P,0,60,60,86,295)(S,74,60,62,109,318)(P,0,62,62,109,318)(S,75,62,63,139,348)(P,0,63,63,139,348)(S,76,63,64,148,357)(P,76,64,63,148,366)(P,0,63,63,148,366)(S,77,63,65,169,387)(P,77,65,63,169,408)(P,75,63,62,169,438)(P,0,62,62,169,438)(S,78,62,66,185,454)(P,0,66,66,185,454)(S,79,66,68,230,499)(P,79,68,66,230,544)(P,78,66,62,230,560)(P,0,62,62,230,560)(S,98,62,67,261,591)(D,0,1,1,261,809)
1 5 266 737 51 (P,1,1,2,0,32)(P,3,2,4,0,49)(P,82,4,69,0,124)(P,81,69,59,0,135)(P,96,59,44,0,163)(P,0,44,44,0,163)(S,51,44,45,12,175)(P,0,45,45,12,175)(S,52,45,46,24,187)(P,54,46,47,24,220)(P,0,47,47,24,220)(S,57,47,49,33,229)(P,58,49,50,33,237)(P,0,50,50,33,237)(S,60,50,52,35,239)(P,0,52,52,35,239)(S,63,52,54,39,243)(P,63,54,52,39,247)(P,0,52,52,39,247)(S,62,52,53,43,251)(P,0,53,53,43,251)(S,64,53,24,67,275)(P,0,24,24,67,275)(S,26,24,25,94,302)(P,0,25,25,94,302)(S,33,25,29,121,329)(P,0,29,29,121,329)(S,32,29,28,137,345)(P,0,28,28,137,345)(S,31,28,26,155,363)(P,0,26,26,155,363)(S,30,26,27,170,378)(P,30,27,26,170,393)(P,0,26,26,170,393)(S,29,26,23,182,405)(P,29,23,26,182,417)(P,0,26,26,182,417)(S,28,26,25,199,434)(P,0,25,25,199,434)(S,27,25,75,215,450)(P,0,75,75,215,450)(S,24,75,22,239,474)(P,0,22,22,239,474)(S,25,22,24,243,478)(P,25,24,22,243,482)(P,0,22,22,243,482)(S,23,22,21,260,499)(P,0,21,21,260,499)(S,95,21,51,262,501)(P,0,51,51,262,501)(S,61,51,53,266,505)(D,0,1,1,266,737)
1 6 280 716 42 (P,1,1,2,0,32)(P,3,2,4,0,49)(P,82,4,69,0,124)(P,81,69,59,0,135)(P,0,59,59,0,135)(S,96,59,44,28,163)(P,0,44,44,28,163)(S,53,44,46,41,176)(P,0,46,46,41,176)(S,54,46,47,74,209)(P,57,47,49,74,218)(P,0,49,49,74,218)(S,59,49,51,84,228)(P,95,51,21,84,230)(P,0,21,21,84,230)(S,22,21,19,122,268)(P,0,19,19,122,268)(S,19,19,18,163,309)(P,0,18,18,163,309)(S,18,18,15,201,347)(P,0,15,15,201,347)(S,93,15,77,214,360)(P,93,77,15,214,373)(P,0,15,15,214,373)(S,17,15,17,240,399)(P,17,17,15,240,425)(P,0,15,15,240,425)(S,15,15,14,247,432)(P,0,14,14,247,432)(S,14,14,13,254,439)(P,13,13,16,254,452)(P,12,16,12,254,481)(P,11,12,11,254,513)(P,0,11,11,254,513)(S,10,11,10,266,525)(P,9,10,9,266,545)(P,8,9,8,266,571)(P,7,8,7,266,589)(P,0,7,7,266,589)(S,6,7,5,272,595)(P,0,5,5,272,595)(S,5,5,6,280,603)(D,0,1,1,280,716)
1 7 280 671 30 (P,1,1,2,0,32)(P,3,2,4,0,49)(P,4,4,5,0,105)(P,6,5,7,0,111)(P,7,7,8,0,129)(P,8,8,9,0,155)(P,9,9,10,0,175)(P,10,10,11,0,187)(P,0,11,11,0,187)(S,11,11,12,32,219)(P,0,12,12,32,219)(S,12,12,16,61,248)(P,0,16,16,61,248)(S,13,16,13,74,261)(P,0,13,13,74,261)(S,16,13,77,86,273)(P,0,77,77,86,273)(S,94,77,76,121,308)(P,92,76,20,121,316)(P,0,20,20,121,316)(S,20,20,19,153,348)(P,0,19,19,153,348)(S,65,19,50,183,378)(P,0,50,50,183,378)(S,58,50,49,191,386)(P,57,49,47,191,395)(P,0,47,47,191,395)(S,55,47,48,201,405)(P,0,48,48,201,405)(S,56,48,11,280,484)(D,0,1,1,280,671)
1 8 268 566 26 (P,1,1,2,0,32)(P,3,2,4,0,49)(P,82,4,69,0,124)(P,0,69,69,0,124)(S,81,69,59,11,135)(P,0,59,59,11,135)(S,70,59,58,36,160)(P,0,58,58,36,160)(S,69,58,57,114,238)(P,0,57,57,114,238)(S,68,57,42,128,252)(P,49,42,43,128,263)(P,0,43,43,128,263)(S,49,43,42,139,274)(P,0,42,42,139,274)(S,67,42,56,165,300)(P,0,56,56,165,300)(S,66,56,55,171,306)(P,66,55,56,171,312)(P,0,56,56,171,312)(S,89,56,67,207,348)(P,0,67,67,207,348)(S,97,67,60,236,377)(P,72,60,58,236,410)(P,0,58,58,236,410)(S,80,58,69,268,442)(D,0,1,1,268,566)
1 9 278 400 17 (P,0,1,1,0,0)(S,1,1,2,32,32)(P,0,2,2,32,32)(S,3,2,4,49,49)(P,0,4,4,49,49)(S,4,4,5,105,105)(P,6,5,7,105,111)(P,7,7,8,105,129)(P,8,8,9,105,155)(P,0,9,9,105,155)(S,9,9,10,125,175)(P,10,10,11,125,187)(P,0,11,11,125,187)(S,71,11,59,203,265)(P,81,59,69,203,276)(P,0,69,69,203,276)(S,82,69,4,278,351)(D,0,1,1,278,400)
