
total: 16402, max: 1027
1 1 160 959 49 (P,151,1,116,0,18)(P,152,116,117,0,37)(P,156,117,119,0,61)(P,157,119,120,0,75)(P,161,120,121,0,91)(P,162,121,122,0,99)(P,163,122,87,0,114)(P,109,87,86,0,118)(P,108,86,85,0,138)(P,107,85,84,0,148)(P,105,84,82,0,161)(P,102,82,80,0,177)(P,99,80,79,0,189)(P,98,79,78,0,201)(P,97,78,77,0,216)(P,96,77,46,0,232)(P,55,46,43,0,237)(P,50,43,44,0,268)(P,51,44,45,0,282)(P,52,45,34,0,286)(P,36,34,139,0,335)(P,0,139,139,0,335)(S,56,139,33,13,348)(P,0,33,33,13,348)(S,35,33,11,37,372)(P,7,11,12,37,397)(P,0,12,12,37,397)(S,8,12,13,49,409)(P,0,13,13,49,409)(S,9,13,14,67,427)(P,9,14,13,67,445)(P,0,13,13,67,445)(S,14,13,16,79,457)(P,0,16,16,79,457)(S,11,16,15,87,465)(P,0,15,15,87,465)(S,10,15,10,100,478)(P,0,10,10,100,478)(S,5,10,9,112,490)(P,5,9,10,112,502)(P,0,10,10,112,502)(S,17,10,19,140,530)(P,0,19,19,140,530)(S,16,19,18,146,536)(P,0,18,18,146,536)(S,15,18,17,154,544)(P,0,17,17,154,544)(S,13,17,13,160,550)(D,0,1,1,160,959)
1 2 159 1027 34 (P,151,1,116,0,18)(P,152,116,117,0,37)(P,156,117,119,0,61)(P,157,119,120,0,75)(P,161,120,121,0,91)(P,162,121,122,0,99)(P,163,122,87,0,114)(P,109,87,86,0,118)(P,108,86,85,0,138)(P,107,85,84,0,148)(P,105,84,82,0,161)(P,102,82,80,0,177)(P,99,80,79,0,189)(P,98,79,78,0,201)(P,97,78,77,0,216)(P,96,77,46,0,232)(P,55,46,43,0,237)(P,50,43,44,0,268)(P,51,44,45,0,282)(P,52,45,34,0,286)(P,36,34,139,0,335)(P,56,139,33,0,348)(P,34,33,29,0,400)(P,29,29,28,0,405)(P,0,28,28,0,405)(S,30,28,30,5,410)(P,0,30,30,5,410)(S,31,30,31,46,451)(P,32,31,26,46,463)(P,26,26,23,46,483)(P,0,23,23,46,483)(S,21,23,21,101,538)(P,0,21,21,101,538)(S,19,21,20,159,596)(D,0,1,1,159,1027)
1 3 159 1024 41 (P,151,1,116,0,18)(P,152,116,117,0,37)(P,156,117,119,0,61)(P,157,119,120,0,75)(P,161,120,121,0,91)(P,162,121,122,0,99)(P,163,122,87,0,114)(P,0,87,87,0,114)(S,109,87,86,4,118)(P,108,86,85,4,138)(P,107,85,84,4,148)(P,105,84,82,4,161)(P,102,82,80,4,177)(P,99,80,79,4,189)(P,98,79,78,4,201)(P,97,78,77,4,216)(P,96,77,46,4,232)(P,55,46,43,4,237)(P,50,43,44,4,268)(P,51,44,45,4,282)(P,52,45,34,4,286)(P,36,34,139,4,335)(P,56,139,33,4,348)(P,35,33,11,4,372)(P,0,11,11,4,372)(S,6,11,8,52,420)(P,0,8,8,52,420)(S,3,8,6,62,430)(P,0,6,6,62,430)(S,2,6,7,83,451)(P,2,7,6,83,472)(P,0,6,6,83,472)(S,1,6,5,109,498)(P,1,5,6,109,524)(P,3,6,8,109,534)(P,0,8,8,109,534)(S,4,8,9,146,571)(P,5,9,10,146,583)(P,10,10,15,146,596)(P,0,15,15,146,596)(S,12,15,17,159,609)(D,0,1,1,159,1024)
1 4 160 1018 37 (P,151,1,116,0,18)(P,152,116,117,0,37)(P,156,117,119,0,61)(P,157,119,120,0,75)(P,161,120,121,0,91)(P,162,121,122,0,99)(P,163,122,87,0,114)(P,109,87,86,0,118)(P,108,86,85,0,138)(P,107,85,84,0,148)(P,105,84,82,0,161)(P,102,82,80,0,177)(P,99,80,79,0,189)(P,98,79,78,0,201)(P,97,78,77,0,216)(P,96,77,46,0,232)(P,55,46,43,0,237)(P,50,43,44,0,268)(P,51,44,45,0,282)(P,52,45,34,0,286)(P,36,34,139,0,335)(P,56,139,33,0,348)(P,34,33,29,0,400)(P,0,29,29,0,400)(S,29,29,28,5,405)(P,28,28,27,5,411)(P,0,27,27,5,411)(S,27,27,25,24,430)(P,0,25,25,24,430)(S,25,25,26,72,478)(P,0,26,26,72,478)(S,32,26,31,84,490)(P,32,31,26,84,502)(P,0,26,26,84,502)(S,26,26,23,104,522)(P,0,23,23,104,522)(S,23,23,24,160,578)(D,0,1,1,160,1018)
1 5 160 990 41 (P,151,1,116,0,18)(P,152,116,117,0,37)(P,156,117,119,0,61)(P,157,119,120,0,75)(P,161,120,121,0,91)(P,162,121,122,0,99)(P,163,122,87,0,114)(P,109,87,86,0,118)(P,108,86,85,0,138)(P,107,85,84,0,148)(P,105,84,82,0,161)(P,102,82,80,0,177)(P,99,80,79,0,189)(P,98,79,78,0,201)(P,97,78,77,0,216)(P,96,77,46,0,232)(P,55,46,43,0,237)(P,50,43,44,0,268)(P,0,44,44,0,268)(S,51,44,45,14,282)(P,52,45,34,14,286)(P,36,34,139,14,335)(P,56,139,33,14,348)(P,35,33,11,14,372)(P,0,11,11,14,372)(S,7,11,12,39,397)(P,0,12,12,39,397)(S,18,12,20,73,431)(P,0,20,20,73,431)(S,20,20,22,83,441)(P,20,22,20,83,451)(P,0,20,20,83,451)(S,22,20,24,116,484)(P,0,24,24,116,484)(S,24,24,25,126,494)(P,27,25,27,126,513)(P,0,27,27,126,513)(S,28,27,28,132,519)(P,30,28,30,132,524)(P,0,30,30,132,524)(S,33,30,32,160,552)(D,0,1,1,160,990)
1 6 157 844 26 (P,151,1,116,0,18)(P,152,116,117,0,37)(P,155,117,118,0,86)(P,159,118,91,0,121)(P,113,91,90,0,128)(P,114,90,68,0,195)(P,82,68,67,0,204)(P,0,67,67,0,204)(S,83,67,69,4,208)(P,86,69,71,4,214)(P,87,71,72,4,223)(P,0,72,72,4,223)(S,89,72,74,19,238)(P,90,74,73,19,243)(P,0,73,73,19,243)(S,91,73,44,55,279)(P,51,44,45,55,293)(P,52,45,34,55,297)(P,36,34,139,55,346)(P,56,139,33,55,359)(P,0,33,33,55,359)(S,34,33,29,107,411)(P,29,29,28,107,416)(P,28,28,27,107,422)(P,0,27,27,107,422)(S,189,27,11,157,472)(D,0,1,1,157,844)
1 7 160 741 43 (P,151,1,116,0,18)(P,152,116,117,0,37)(P,155,117,118,0,86)(P,159,118,91,0,121)(P,113,91,90,0,128)(P,114,90,68,0,195)(P,82,68,67,0,204)(P,83,67,69,0,208)(P,84,69,70,0,216)(P,190,70,58,0,227)(P,69,58,59,0,267)(P,0,59,59,0,267)(S,70,59,60,18,285)(P,72,60,61,18,320)(P,0,61,61,18,320)(S,74,61,49,31,333)(P,58,49,48,31,343)(P,0,48,48,31,343)(S,59,48,50,39,351)(P,0,50,50,39,351)(S,60,50,51,69,381)(P,0,51,51,69,381)(S,61,51,52,81,393)(P,0,52,52,81,393)(S,62,52,53,93,405)(P,0,53,53,93,405)(S,63,53,140,117,429)(P,0,140,140,117,429)(S,188,140,54,135,447)(P,0,54,54,135,447)(S,65,54,55,145,457)(P,66,55,56,145,461)(P,79,56,65,145,491)(P,78,65,64,145,506)(P,0,64,64,145,506)(S,77,64,63,154,515)(P,120,63,93,154,540)(P,121,93,94,154,557)(P,130,94,101,154,561)(P,132,101,102,154,578)(P,135,102,104,154,599)(P,0,104,104,154,599)(S,136,104,105,160,605)(D,0,1,1,160,741)
1 8 158 722 24 (P,151,1,116,0,18)(P,152,116,117,0,37)(P,156,117,119,0,61)(P,157,119,120,0,75)(P,161,120,121,0,91)(P,162,121,122,0,99)(P,163,122,87,0,114)(P,109,87,86,0,118)(P,108,86,85,0,138)(P,107,85,84,0,148)(P,105,84,82,0,161)(P,102,82,80,0,177)(P,99,80,79,0,189)(P,98,79,78,0,201)(P,97,78,77,0,216)(P,96,77,46,0,232)(P,54,46,47,0,239)(P,0,47,47,0,239)(S,46,47,41,99,338)(P,45,41,38,99,348)(P,41,38,36,99,373)(P,38,36,35,99,377)(P,0,35,35,99,377)(S,37,35,34,158,436)(D,0,1,1,158,722)
1 9 159 710 34 (P,151,1,116,0,18)(P,152,116,117,0,37)(P,156,117,119,0,61)(P,157,119,120,0,75)(P,161,120,121,0,91)(P,162,121,122,0,99)(P,163,122,87,0,114)(P,109,87,86,0,118)(P,108,86,85,0,138)(P,107,85,84,0,148)(P,105,84,82,0,161)(P,102,82,80,0,177)(P,99,80,79,0,189)(P,98,79,78,0,201)(P,97,78,77,0,216)(P,96,77,46,0,232)(P,0,46,46,0,232)(S,55,46,43,5,237)(P,50,43,44,5,268)(P,51,44,45,5,282)(P,0,45,45,5,282)(S,52,45,34,9,286)(P,0,34,34,9,286)(S,36,34,139,58,335)(P,0,139,139,58,335)(S,57,139,48,107,384)(P,0,48,48,107,384)(S,58,48,49,117,394)(P,0,49,49,117,394)(S,64,49,140,141,418)(P,0,140,140,141,418)(S,187,140,55,155,432)(P,0,55,55,155,432)(S,66,55,56,159,436)(D,0,1,1,159,710)
1 10 160 656 42 (P,151,1,116,0,18)(P,152,116,117,0,37)(P,156,117,119,0,61)(P,157,119,120,0,75)(P,161,120,121,0,91)(P,162,121,122,0,99)(P,163,122,87,0,114)(P,109,87,86,0,118)(P,108,86,85,0,138)(P,107,85,84,0,148)(P,105,84,82,0,161)(P,102,82,80,0,177)(P,0,80,80,0,177)(S,101,80,81,10,187)(P,100,81,79,10,196)(P,98,79,78,10,208)(P,97,78,77,10,223)(P,96,77,46,10,239)(P,55,46,43,10,244)(P,0,43,43,10,244)(S,49,43,37,26,260)(P,0,37,37,26,260)(S,40,37,36,46,280)(P,0,36,36,46,280)(S,41,36,38,71,305)(P,0,38,38,71,305)(S,45,38,41,81,315)(P,0,41,41,81,315)(S,44,41,40,93,327)(P,0,40,40,93,327)(S,43,40,39,111,345)(P,0,39,39,111,345)(S,42,39,38,117,351)(P,41,38,36,117,376)(P,0,36,36,117,376)(S,38,36,35,121,380)(P,0,35,35,121,380)(S,39,35,37,138,397)(P,0,37,37,138,397)(S,47,37,42,155,414)(P,0,42,42,155,414)(S,48,42,43,160,419)(D,0,1,1,160,656)
1 11 160 630 31 (P,151,1,116,0,18)(P,152,116,117,0,37)(P,156,117,119,0,61)(P,157,119,120,0,75)(P,161,120,121,0,91)(P,162,121,122,0,99)(P,163,122,87,0,114)(P,109,87,86,0,118)(P,108,86,85,0,138)(P,107,85,84,0,148)(P,105,84,82,0,161)(P,102,82,80,0,177)(P,99,80,79,0,189)(P,98,79,78,0,201)(P,97,78,77,0,216)(P,96,77,46,0,232)(P,55,46,43,0,237)(P,0,43,43,0,237)(S,50,43,44,31,268)(P,51,44,45,31,282)(P,0,45,45,31,282)(S,71,45,60,46,297)(P,0,60,60,46,297)(S,72,60,61,81,332)(P,0,61,61,81,332)(S,73,61,59,112,363)(P,0,59,59,112,363)(S,69,59,58,152,403)(P,190,58,70,152,414)(P,0,70,70,152,414)(S,84,70,69,160,422)(D,0,1,1,160,630)
1 12 127 277 13 (P,151,1,116,0,18)(P,150,116,115,0,28)(P,0,115,115,0,28)(S,149,115,114,36,64)(P,148,114,113,36,76)(P,146,113,112,36,80)(P,145,112,107,36,93)(P,0,107,107,36,93)(S,138,107,106,64,121)(P,0,106,106,64,121)(S,140,106,108,102,159)(P,0,108,108,102,159)(S,139,108,107,127,184)(D,0,1,1,127,277)
1 13 160 560 41 (P,151,1,116,0,18)(P,152,116,117,0,37)(P,156,117,119,0,61)(P,157,119,120,0,75)(P,161,120,121,0,91)(P,162,121,122,0,99)(P,163,122,87,0,114)(P,109,87,86,0,118)(P,0,86,86,0,118)(S,108,86,85,20,138)(P,107,85,84,20,148)(P,105,84,82,20,161)(P,0,82,82,20,161)(S,103,82,83,30,171)(P,0,83,83,30,171)(S,104,83,81,47,188)(P,0,81,81,47,188)(S,100,81,79,56,197)(P,0,79,79,56,197)(S,98,79,78,68,209)(P,97,78,77,68,224)(P,0,77,77,68,224)(S,96,77,46,84,240)(P,0,46,46,84,240)(S,54,46,47,91,247)(P,0,47,47,91,247)(S,53,47,42,95,251)(P,48,42,43,95,256)(P,55,43,46,95,261)(P,96,46,77,95,277)(P,95,77,76,95,287)(P,0,76,76,95,287)(S,94,76,74,122,314)(P,0,74,74,122,314)(S,90,74,73,127,319)(P,0,73,73,127,319)(S,88,73,72,145,337)(P,0,72,72,145,337)(S,87,72,71,154,346)(P,0,71,71,154,346)(S,86,71,69,160,352)(D,0,1,1,160,560)
1 14 157 555 28 (P,151,1,116,0,18)(P,150,116,115,0,28)(P,149,115,114,0,64)(P,148,114,113,0,76)(P,146,113,112,0,80)(P,145,112,107,0,93)(P,138,107,106,0,121)(P,137,106,105,0,136)(P,136,105,104,0,142)(P,135,104,102,0,163)(P,132,102,101,0,180)(P,130,101,94,0,184)(P,0,94,94,0,184)(S,122,94,95,49,233)(P,0,95,95,49,233)(S,123,95,96,57,241)(P,0,96,96,57,241)(S,124,96,97,74,258)(P,0,97,97,74,258)(S,125,97,98,77,261)(P,125,98,97,77,264)(P,0,97,97,77,264)(S,127,97,99,114,301)(P,0,99,99,114,301)(S,126,99,96,124,311)(P,126,96,99,124,321)(P,0,99,99,124,321)(S,128,99,100,157,354)(D,0,1,1,157,555)
1 15 160 535 32 (P,151,1,116,0,18)(P,150,116,115,0,28)(P,149,115,114,0,64)(P,148,114,113,0,76)(P,146,113,112,0,80)(P,145,112,107,0,93)(P,138,107,106,0,121)(P,0,106,106,0,121)(S,137,106,105,15,136)(P,136,105,104,15,142)(P,0,104,104,15,142)(S,135,104,102,36,163)(P,132,102,101,36,180)(P,0,101,101,36,180)(S,130,101,94,40,184)(P,0,94,94,40,184)(S,129,94,100,57,201)(P,129,100,94,57,218)(P,0,94,94,57,218)(S,121,94,93,74,235)(P,0,93,93,74,235)(S,120,93,63,99,260)(P,0,63,63,99,260)(S,76,63,62,106,267)(P,0,62,62,106,267)(S,75,62,57,120,281)(P,0,57,57,120,281)(S,68,57,58,140,301)(P,0,58,58,140,301)(S,190,58,70,151,312)(P,0,70,70,151,312)(S,85,70,71,160,321)(D,0,1,1,160,535)
1 16 158 462 24 (P,151,1,116,0,18)(P,152,116,117,0,37)(P,156,117,119,0,61)(P,0,119,119,0,61)(S,157,119,120,14,75)(P,166,120,123,14,107)(P,165,123,124,14,136)(P,169,124,126,14,147)(P,0,126,126,14,147)(S,170,126,127,29,162)(P,0,127,127,29,162)(S,171,127,128,51,184)(P,0,128,128,51,184)(S,172,128,3,92,225)(P,172,3,128,92,266)(P,0,128,128,92,266)(S,173,128,129,115,289)(P,0,129,129,115,289)(S,174,129,127,126,300)(P,170,127,126,126,315)(P,169,126,124,126,326)(P,165,124,123,126,355)(P,0,123,123,126,355)(S,166,123,120,158,387)(D,0,1,1,158,462)
1 17 159 523 26 (P,151,1,116,0,18)(P,152,116,117,0,37)(P,156,117,119,0,61)(P,157,119,120,0,75)(P,161,120,121,0,91)(P,162,121,122,0,99)(P,163,122,87,0,114)(P,109,87,86,0,118)(P,108,86,85,0,138)(P,0,85,85,0,138)(S,107,85,84,10,148)(P,0,84,84,10,148)(S,105,84,82,23,161)(P,0,82,82,23,161)(S,102,82,80,39,177)(P,0,80,80,39,177)(S,99,80,79,51,189)(P,98,79,78,51,201)(P,0,78,78,51,201)(S,97,78,77,66,216)(P,0,77,77,66,216)(S,95,77,76,76,226)(P,0,76,76,76,226)(S,93,76,75,123,273)(P,0,75,75,123,273)(S,92,75,71,159,309)(D,0,1,1,159,523)
1 18 152 491 26 (P,151,1,116,0,18)(P,152,116,117,0,37)(P,156,117,119,0,61)(P,157,119,120,0,75)(P,166,120,123,0,107)(P,0,123,123,0,107)(S,167,123,125,32,139)(P,186,125,138,32,159)(P,0,138,138,32,159)(S,184,138,136,37,164)(P,0,136,136,37,164)(S,183,136,137,66,193)(P,183,137,136,66,222)(P,0,136,136,66,222)(S,182,136,134,97,253)(P,0,134,134,97,253)(S,181,134,135,111,267)(P,0,135,135,111,267)(S,180,135,133,130,286)(P,0,133,133,130,286)(S,179,133,134,140,296)(P,179,134,133,140,306)(P,0,133,133,140,306)(S,178,133,132,147,313)(P,0,132,132,147,313)(S,177,132,131,152,318)(D,0,1,1,152,491)
1 19 158 464 21 (P,151,1,116,0,18)(P,0,116,116,0,18)(S,150,116,115,10,28)(P,149,115,114,10,64)(P,148,114,113,10,76)(P,0,113,113,10,76)(S,146,113,112,14,80)(P,0,112,112,14,80)(S,144,112,110,27,93)(P,0,110,110,27,93)(S,143,110,111,34,100)(P,143,111,110,34,107)(P,0,110,110,34,107)(S,142,110,107,42,115)(P,139,107,108,42,140)(P,141,108,109,42,243)(P,0,109,109,42,243)(S,141,109,108,145,346)(P,139,108,107,145,371)(P,0,107,107,145,371)(S,145,107,112,158,384)(D,0,1,1,158,464)
1 20 151 427 13 (P,151,1,116,0,18)(P,152,116,117,0,37)(P,155,117,118,0,86)(P,0,118,118,0,86)(S,159,118,91,35,121)(P,0,91,91,35,121)(S,113,91,90,42,128)(P,0,90,90,42,128)(S,114,90,68,109,195)(P,0,68,68,109,195)(S,82,68,67,118,204)(P,0,67,67,118,204)(S,81,67,66,151,237)(D,0,1,1,151,427)
1 21 157 422 26 (P,151,1,116,0,18)(P,152,116,117,0,37)(P,156,117,119,0,61)(P,157,119,120,0,75)(P,161,120,121,0,91)(P,162,121,122,0,99)(P,0,122,122,0,99)(S,163,122,87,15,114)(P,109,87,86,15,118)(P,0,86,86,15,118)(S,110,86,88,48,151)(P,0,88,88,48,151)(S,111,88,89,62,165)(P,0,89,89,62,165)(S,116,89,92,72,175)(P,0,92,92,72,175)(S,117,92,82,98,201)(P,103,82,83,98,211)(P,0,83,83,98,211)(S,106,83,84,116,229)(P,0,84,84,116,229)(S,118,84,92,145,258)(P,116,92,89,145,268)(P,111,89,88,145,282)(P,0,88,88,145,282)(S,112,88,90,157,294)(D,0,1,1,157,422)
1 22 159 413 16 (P,151,1,116,0,18)(P,152,116,117,0,37)(P,0,117,117,0,37)(S,156,117,119,24,61)(P,157,119,120,24,75)(P,0,120,120,24,75)(S,161,120,121,40,91)(P,0,121,121,40,91)(S,162,121,122,48,99)(P,0,122,122,48,99)(S,164,122,123,63,114)(P,0,123,123,63,114)(S,165,123,124,92,143)(P,168,124,4,92,210)(P,0,4,4,92,210)(S,168,4,124,159,277)(D,0,1,1,159,413)
1 23 156 468 19 (P,151,1,116,0,18)(P,152,116,117,0,37)(P,155,117,118,0,86)(P,0,118,118,0,86)(S,160,118,121,17,103)(P,162,121,122,17,111)(P,164,122,123,17,126)(P,167,123,125,17,158)(P,0,125,125,17,158)(S,186,125,138,37,178)(P,0,138,138,37,178)(S,185,138,131,84,225)(P,0,131,131,84,225)(S,176,131,126,110,251)(P,0,126,126,110,251)(S,175,126,130,145,286)(P,175,130,126,145,321)(P,0,126,126,145,321)(S,169,126,124,156,332)(D,0,1,1,156,468)
1 24 156 399 13 (P,151,1,116,0,18)(P,150,116,115,0,28)(P,149,115,114,0,64)(P,148,114,113,0,76)(P,147,113,103,0,122)(P,0,103,103,0,122)(S,133,103,102,42,164)(P,0,102,102,42,164)(S,132,102,101,59,181)(P,0,101,101,59,181)(S,131,101,66,87,209)(P,0,66,66,87,209)(S,115,66,91,156,278)(D,0,1,1,156,399)
1 25 143 306 12 (P,151,1,116,0,18)(P,150,116,115,0,28)(P,149,115,114,0,64)(P,0,114,114,0,64)(S,148,114,113,12,76)(P,0,113,113,12,76)(S,147,113,103,58,122)(P,0,103,103,58,122)(S,134,103,91,85,149)(P,159,91,118,85,184)(P,0,118,118,85,184)(S,158,118,114,143,242)(D,0,1,1,143,306)
1 26 122 215 13 (P,0,1,1,0,0)(S,151,1,116,18,18)(P,150,116,115,18,28)(P,0,115,115,18,28)(S,153,115,117,38,48)(P,0,117,117,38,48)(S,155,117,118,87,97)(P,155,118,117,87,146)(P,0,117,117,87,146)(S,154,117,2,103,162)(P,154,2,117,103,178)(P,0,117,117,103,178)(S,152,117,116,122,197)(D,0,1,1,122,215)
1 27 159 564 16 (P,151,1,116,0,18)(P,152,116,117,0,37)(P,155,117,118,0,86)(P,159,118,91,0,121)(P,115,91,66,0,190)(P,0,66,66,0,190)(S,80,66,62,37,227)(P,75,62,57,37,241)(P,0,57,57,37,241)(S,67,57,56,86,290)(P,0,56,56,86,290)(S,79,56,65,116,320)(P,0,65,65,116,320)(S,78,65,64,131,335)(P,0,64,64,131,335)(S,119,64,93,159,363)(D,0,1,1,159,564)
